Datetime,Casual,Registered,Total
2017-04-01 00:00:00,16,5,21
2017-04-01 01:00:00,4,3,7
2017-04-01 02:00:00,1,0,1
2017-04-01 03:00:00,1,0,1
2017-04-01 04:00:00,0,1,1
2017-04-01 06:00:00,0,2,2
2017-04-01 07:00:00,1,2,3
2017-04-01 08:00:00,7,10,17
2017-04-01 09:00:00,11,9,20
2017-04-01 10:00:00,5,12,17
2017-04-01 11:00:00,10,12,22
2017-04-01 12:00:00,20,21,41
2017-04-01 13:00:00,19,18,37
2017-04-01 14:00:00,22,11,33
2017-04-01 15:00:00,23,19,42
2017-04-01 16:00:00,23,10,33
2017-04-01 17:00:00,11,15,26
2017-04-01 18:00:00,11,15,26
2017-04-01 19:00:00,15,13,28
2017-04-01 20:00:00,6,9,15
2017-04-01 21:00:00,3,6,9
2017-04-01 22:00:00,7,2,9
2017-04-01 23:00:00,5,3,8
2017-04-02 00:00:00,9,14,23
2017-04-02 01:00:00,13,8,21
2017-04-02 02:00:00,3,2,5
2017-04-02 03:00:00,0,1,1
2017-04-02 07:00:00,1,2,3
2017-04-02 08:00:00,0,2,2
2017-04-02 09:00:00,8,8,16
2017-04-02 10:00:00,16,14,30
2017-04-02 11:00:00,15,11,26
2017-04-02 12:00:00,12,14,26
2017-04-02 13:00:00,19,21,40
2017-04-02 14:00:00,15,24,39
2017-04-02 15:00:00,13,13,26
2017-04-02 16:00:00,16,18,34
2017-04-02 17:00:00,28,24,52
2017-04-02 18:00:00,14,14,28
2017-04-02 19:00:00,21,14,35
2017-04-02 20:00:00,6,14,20
2017-04-02 21:00:00,7,5,12
2017-04-02 22:00:00,9,8,17
2017-04-02 23:00:00,2,3,5
2017-04-03 00:00:00,0,2,2
2017-04-03 01:00:00,0,1,1
2017-04-03 02:00:00,0,3,3
2017-04-03 03:00:00,2,1,3
2017-04-03 05:00:00,1,1,2
2017-04-03 06:00:00,0,3,3
2017-04-03 07:00:00,2,18,20
2017-04-03 08:00:00,1,31,32
2017-04-03 09:00:00,1,23,24
2017-04-03 10:00:00,1,8,9
2017-04-03 11:00:00,3,13,16
2017-04-03 12:00:00,4,27,31
2017-04-03 13:00:00,2,25,27
2017-04-03 14:00:00,7,14,21
2017-04-03 15:00:00,4,22,26
2017-04-03 16:00:00,5,29,34
2017-04-03 17:00:00,14,38,52
2017-04-03 18:00:00,2,32,34
2017-04-03 19:00:00,6,25,31
2017-04-03 20:00:00,6,13,19
2017-04-03 21:00:00,0,6,6
2017-04-03 22:00:00,8,4,12
2017-04-03 23:00:00,2,3,5
2017-04-04 00:00:00,0,2,2
2017-04-04 01:00:00,0,1,1
2017-04-04 02:00:00,0,1,1
2017-04-04 04:00:00,0,1,1
2017-04-04 05:00:00,0,3,3
2017-04-04 06:00:00,0,3,3
2017-04-04 07:00:00,1,16,17
2017-04-04 08:00:00,0,41,41
2017-04-04 09:00:00,7,34,41
2017-04-04 10:00:00,10,14,24
2017-04-04 11:00:00,3,8,11
2017-04-04 12:00:00,4,18,22
2017-04-04 13:00:00,4,25,29
2017-04-04 14:00:00,4,17,21
2017-04-04 15:00:00,6,16,22
2017-04-04 16:00:00,4,25,29
2017-04-04 17:00:00,5,28,33
2017-04-04 18:00:00,5,33,38
2017-04-04 19:00:00,9,25,34
2017-04-04 20:00:00,6,20,26
2017-04-04 21:00:00,3,11,14
2017-04-04 22:00:00,6,7,13
2017-04-04 23:00:00,4,1,5
2017-04-05 00:00:00,7,1,8
2017-04-05 02:00:00,0,1,1
2017-04-05 03:00:00,0,1,1
2017-04-05 05:00:00,0,2,2
2017-04-05 06:00:00,0,9,9
2017-04-05 07:00:00,3,17,20
2017-04-05 08:00:00,1,29,30
2017-04-05 09:00:00,2,23,25
2017-04-05 10:00:00,4,9,13
2017-04-05 11:00:00,3,17,20
2017-04-05 12:00:00,8,25,33
2017-04-05 13:00:00,10,24,34
2017-04-05 14:00:00,13,25,38
2017-04-05 15:00:00,10,17,27
2017-04-05 16:00:00,5,27,32
2017-04-05 17:00:00,2,38,40
2017-04-05 18:00:00,1,46,47
2017-04-05 19:00:00,9,26,35
2017-04-05 20:00:00,7,16,23
2017-04-05 21:00:00,18,15,33
2017-04-05 22:00:00,1,5,6
2017-04-05 23:00:00,8,1,9
2017-04-06 00:00:00,0,3,3
2017-04-06 01:00:00,0,3,3
2017-04-06 02:00:00,2,1,3
2017-04-06 03:00:00,0,3,3
2017-04-06 05:00:00,1,2,3
2017-04-06 06:00:00,1,7,8
2017-04-06 07:00:00,2,18,20
2017-04-06 08:00:00,2,43,45
2017-04-06 09:00:00,3,24,27
2017-04-06 10:00:00,11,7,18
2017-04-06 11:00:00,3,15,18
2017-04-06 12:00:00,13,23,36
2017-04-06 13:00:00,13,30,43
2017-04-06 14:00:00,11,31,42
2017-04-06 15:00:00,13,18,31
2017-04-06 16:00:00,4,36,40
2017-04-06 17:00:00,13,36,49
2017-04-06 18:00:00,5,36,41
2017-04-06 19:00:00,6,28,34
2017-04-06 20:00:00,11,15,26
2017-04-06 21:00:00,7,12,19
2017-04-06 22:00:00,2,3,5
2017-04-06 23:00:00,6,8,14
2017-04-07 00:00:00,5,1,6
2017-04-07 01:00:00,0,2,2
2017-04-07 02:00:00,0,2,2
2017-04-07 03:00:00,0,2,2
2017-04-07 04:00:00,0,1,1
2017-04-07 05:00:00,0,1,1
2017-04-07 06:00:00,1,8,9
2017-04-07 07:00:00,3,14,17
2017-04-07 08:00:00,5,34,39
2017-04-07 09:00:00,7,28,35
2017-04-07 10:00:00,4,18,22
2017-04-07 11:00:00,9,17,26
2017-04-07 12:00:00,10,24,34
2017-04-07 13:00:00,6,15,21
2017-04-07 14:00:00,12,25,37
2017-04-07 15:00:00,1,21,22
2017-04-07 16:00:00,12,25,37
2017-04-07 17:00:00,8,30,38
2017-04-07 18:00:00,11,43,54
2017-04-07 19:00:00,12,28,40
2017-04-07 20:00:00,13,15,28
2017-04-07 21:00:00,4,4,8
2017-04-07 22:00:00,5,7,12
2017-04-07 23:00:00,11,4,15
2017-04-08 00:00:00,1,7,8
2017-04-08 01:00:00,7,0,7
2017-04-08 02:00:00,0,1,1
2017-04-08 03:00:00,0,1,1
2017-04-08 04:00:00,0,1,1
2017-04-08 05:00:00,0,1,1
2017-04-08 06:00:00,0,1,1
2017-04-08 07:00:00,0,3,3
2017-04-08 08:00:00,2,5,7
2017-04-08 09:00:00,10,11,21
2017-04-08 10:00:00,18,13,31
2017-04-08 11:00:00,15,11,26
2017-04-08 12:00:00,10,18,28
2017-04-08 13:00:00,19,15,34
2017-04-08 14:00:00,16,17,33
2017-04-08 15:00:00,22,17,39
2017-04-08 16:00:00,6,19,25
2017-04-08 17:00:00,15,8,23
2017-04-08 18:00:00,15,19,34
2017-04-08 19:00:00,14,23,37
2017-04-08 20:00:00,9,3,12
2017-04-08 21:00:00,0,3,3
2017-04-08 22:00:00,7,3,10
2017-04-08 23:00:00,6,1,7
2017-04-09 00:00:00,8,2,10
2017-04-09 01:00:00,3,3,6
2017-04-09 02:00:00,1,3,4
2017-04-09 03:00:00,0,1,1
2017-04-09 05:00:00,0,1,1
2017-04-09 06:00:00,0,2,2
2017-04-09 07:00:00,0,2,2
2017-04-09 08:00:00,0,2,2
2017-04-09 09:00:00,3,16,19
2017-04-09 10:00:00,7,21,28
2017-04-09 11:00:00,15,17,32
2017-04-09 12:00:00,10,19,29
2017-04-09 13:00:00,17,15,32
2017-04-09 14:00:00,19,16,35
2017-04-09 15:00:00,12,13,25
2017-04-09 16:00:00,26,28,54
2017-04-09 17:00:00,11,18,29
2017-04-09 18:00:00,6,11,17
2017-04-09 19:00:00,1,7,8
2017-04-09 20:00:00,17,3,20
2017-04-09 21:00:00,3,9,12
2017-04-09 22:00:00,3,3,6
2017-04-09 23:00:00,1,4,5
2017-04-10 00:00:00,3,2,5
2017-04-10 01:00:00,0,1,1
2017-04-10 02:00:00,0,2,2
2017-04-10 04:00:00,1,0,1
2017-04-10 05:00:00,0,2,2
2017-04-10 06:00:00,0,7,7
2017-04-10 07:00:00,1,14,15
2017-04-10 08:00:00,2,28,30
2017-04-10 09:00:00,4,19,23
2017-04-10 10:00:00,9,12,21
2017-04-10 11:00:00,7,22,29
2017-04-10 12:00:00,8,16,24
2017-04-10 13:00:00,7,26,33
2017-04-10 14:00:00,20,16,36
2017-04-10 15:00:00,6,13,19
2017-04-10 16:00:00,1,21,22
2017-04-10 17:00:00,6,35,41
2017-04-10 18:00:00,4,31,35
2017-04-10 19:00:00,6,27,33
2017-04-10 20:00:00,4,12,16
2017-04-10 21:00:00,13,10,23
2017-04-10 22:00:00,2,5,7
2017-04-10 23:00:00,12,5,17
2017-04-11 00:00:00,0,1,1
2017-04-11 01:00:00,0,1,1
2017-04-11 05:00:00,0,1,1
2017-04-11 06:00:00,0,7,7
2017-04-11 07:00:00,3,16,19
2017-04-11 08:00:00,5,31,36
2017-04-11 09:00:00,5,19,24
2017-04-11 10:00:00,5,15,20
2017-04-11 11:00:00,5,14,19
2017-04-11 12:00:00,2,38,40
2017-04-11 13:00:00,7,20,27
2017-04-11 14:00:00,2,16,18
2017-04-11 15:00:00,9,12,21
2017-04-11 16:00:00,3,15,18
2017-04-11 17:00:00,5,35,40
2017-04-11 18:00:00,11,32,43
2017-04-11 19:00:00,6,22,28
2017-04-11 20:00:00,5,13,18
2017-04-11 21:00:00,7,14,21
2017-04-11 22:00:00,2,8,10
2017-04-11 23:00:00,2,5,7
2017-04-12 00:00:00,0,2,2
2017-04-12 01:00:00,2,4,6
2017-04-12 02:00:00,2,0,2
2017-04-12 03:00:00,0,1,1
2017-04-12 04:00:00,0,2,2
2017-04-12 05:00:00,0,3,3
2017-04-12 06:00:00,0,9,9
2017-04-12 07:00:00,0,21,21
2017-04-12 08:00:00,0,30,30
2017-04-12 09:00:00,3,28,31
2017-04-12 10:00:00,1,12,13
2017-04-12 11:00:00,5,23,28
2017-04-12 12:00:00,7,26,33
2017-04-12 13:00:00,5,31,36
2017-04-12 14:00:00,16,23,39
2017-04-12 15:00:00,9,21,30
2017-04-12 16:00:00,6,33,39
2017-04-12 17:00:00,14,33,47
2017-04-12 18:00:00,9,47,56
2017-04-12 19:00:00,3,27,30
2017-04-12 20:00:00,13,27,40
2017-04-12 21:00:00,3,17,20
2017-04-12 22:00:00,8,3,11
2017-04-12 23:00:00,2,3,5
2017-04-13 00:00:00,2,2,4
2017-04-13 01:00:00,1,2,3
2017-04-13 02:00:00,0,1,1
2017-04-13 03:00:00,1,1,2
2017-04-13 04:00:00,2,0,2
2017-04-13 05:00:00,2,2,4
2017-04-13 06:00:00,0,12,12
2017-04-13 07:00:00,4,19,23
2017-04-13 08:00:00,3,32,35
2017-04-13 09:00:00,3,19,22
2017-04-13 10:00:00,7,11,18
2017-04-13 11:00:00,4,15,19
2017-04-13 12:00:00,5,28,33
2017-04-13 13:00:00,7,27,34
2017-04-13 14:00:00,10,14,24
2017-04-13 15:00:00,14,17,31
2017-04-13 16:00:00,7,31,38
2017-04-13 17:00:00,2,35,37
2017-04-13 18:00:00,5,37,42
2017-04-13 19:00:00,9,28,37
2017-04-13 20:00:00,4,17,21
2017-04-13 21:00:00,5,16,21
2017-04-13 22:00:00,1,9,10
2017-04-13 23:00:00,2,5,7
2017-04-14 00:00:00,2,0,2
2017-04-14 01:00:00,3,1,4
2017-04-14 02:00:00,4,4,8
2017-04-14 03:00:00,0,1,1
2017-04-14 04:00:00,0,1,1
2017-04-14 05:00:00,0,1,1
2017-04-14 06:00:00,0,6,6
2017-04-14 07:00:00,2,14,16
2017-04-14 08:00:00,6,34,40
2017-04-14 09:00:00,5,21,26
2017-04-14 10:00:00,5,18,23
2017-04-14 11:00:00,10,25,35
2017-04-14 12:00:00,11,25,36
2017-04-14 13:00:00,10,28,38
2017-04-14 14:00:00,12,20,32
2017-04-14 15:00:00,11,32,43
2017-04-14 16:00:00,8,28,36
2017-04-14 17:00:00,23,39,62
2017-04-14 18:00:00,11,32,43
2017-04-14 19:00:00,15,21,36
2017-04-14 20:00:00,2,8,10
2017-04-14 21:00:00,3,6,9
2017-04-14 22:00:00,6,9,15
2017-04-14 23:00:00,2,8,10
2017-04-15 00:00:00,10,2,12
2017-04-15 01:00:00,2,0,2
2017-04-15 02:00:00,1,1,2
2017-04-15 03:00:00,0,1,1
2017-04-15 04:00:00,0,3,3
2017-04-15 05:00:00,1,0,1
2017-04-15 06:00:00,0,2,2
2017-04-15 07:00:00,1,1,2
2017-04-15 08:00:00,2,16,18
2017-04-15 09:00:00,12,7,19
2017-04-15 10:00:00,9,13,22
2017-04-15 11:00:00,15,15,30
2017-04-15 12:00:00,26,18,44
2017-04-15 13:00:00,31,9,40
2017-04-15 14:00:00,22,13,35
2017-04-15 15:00:00,14,13,27
2017-04-15 16:00:00,30,15,45
2017-04-15 17:00:00,14,20,34
2017-04-15 18:00:00,37,21,58
2017-04-15 19:00:00,10,16,26
2017-04-15 20:00:00,9,11,20
2017-04-15 21:00:00,13,10,23
2017-04-15 22:00:00,6,8,14
2017-04-15 23:00:00,2,7,9
2017-04-16 00:00:00,0,3,3
2017-04-16 01:00:00,0,1,1
2017-04-16 02:00:00,1,1,2
2017-04-16 03:00:00,4,2,6
2017-04-16 06:00:00,3,1,4
2017-04-16 07:00:00,1,1,2
2017-04-16 08:00:00,2,4,6
2017-04-16 09:00:00,4,9,13
2017-04-16 10:00:00,5,13,18
2017-04-16 11:00:00,13,9,22
2017-04-16 12:00:00,13,13,26
2017-04-16 13:00:00,16,9,25
2017-04-16 14:00:00,14,16,30
2017-04-16 15:00:00,25,13,38
2017-04-16 16:00:00,20,8,28
2017-04-16 17:00:00,21,14,35
2017-04-16 18:00:00,5,10,15
2017-04-16 19:00:00,3,14,17
2017-04-16 20:00:00,7,7,14
2017-04-16 21:00:00,0,6,6
2017-04-16 22:00:00,0,4,4
2017-04-16 23:00:00,0,2,2
2017-04-17 01:00:00,0,1,1
2017-04-17 03:00:00,1,0,1
2017-04-17 04:00:00,1,0,1
2017-04-17 05:00:00,0,7,7
2017-04-17 06:00:00,2,8,10
2017-04-17 07:00:00,5,12,17
2017-04-17 08:00:00,2,28,30
2017-04-17 09:00:00,4,19,23
2017-04-17 10:00:00,5,9,14
2017-04-17 11:00:00,3,15,18
2017-04-17 12:00:00,5,29,34
2017-04-17 13:00:00,2,23,25
2017-04-17 14:00:00,6,10,16
2017-04-17 15:00:00,2,23,25
2017-04-17 16:00:00,2,30,32
2017-04-17 17:00:00,14,36,50
2017-04-17 18:00:00,6,31,37
2017-04-17 19:00:00,5,35,40
2017-04-17 20:00:00,2,15,17
2017-04-17 21:00:00,3,12,15
2017-04-17 22:00:00,5,10,15
2017-04-17 23:00:00,0,2,2
2017-04-18 00:00:00,4,2,6
2017-04-18 01:00:00,1,0,1
2017-04-18 02:00:00,2,1,3
2017-04-18 03:00:00,0,2,2
2017-04-18 04:00:00,0,2,2
2017-04-18 05:00:00,1,2,3
2017-04-18 06:00:00,0,11,11
2017-04-18 07:00:00,3,15,18
2017-04-18 08:00:00,2,28,30
2017-04-18 09:00:00,6,26,32
2017-04-18 10:00:00,8,11,19
2017-04-18 11:00:00,4,18,22
2017-04-18 12:00:00,4,20,24
2017-04-18 13:00:00,9,16,25
2017-04-18 14:00:00,15,23,38
2017-04-18 15:00:00,13,20,33
2017-04-18 16:00:00,8,30,38
2017-04-18 17:00:00,12,37,49
2017-04-18 18:00:00,7,25,32
2017-04-18 19:00:00,6,21,27
2017-04-18 20:00:00,5,15,20
2017-04-18 21:00:00,3,11,14
2017-04-18 22:00:00,11,7,18
2017-04-18 23:00:00,2,5,7
2017-04-19 00:00:00,2,2,4
2017-04-19 02:00:00,5,0,5
2017-04-19 03:00:00,0,2,2
2017-04-19 04:00:00,0,3,3
2017-04-19 05:00:00,0,1,1
2017-04-19 06:00:00,1,13,14
2017-04-19 07:00:00,2,25,27
2017-04-19 08:00:00,7,27,34
2017-04-19 09:00:00,4,19,23
2017-04-19 10:00:00,8,11,19
2017-04-19 11:00:00,1,18,19
2017-04-19 12:00:00,4,31,35
2017-04-19 13:00:00,7,30,37
2017-04-19 14:00:00,3,10,13
2017-04-19 15:00:00,7,20,27
2017-04-19 16:00:00,6,25,31
2017-04-19 17:00:00,6,31,37
2017-04-19 18:00:00,2,32,34
2017-04-19 19:00:00,3,25,28
2017-04-19 20:00:00,5,16,21
2017-04-19 21:00:00,5,11,16
2017-04-19 22:00:00,3,3,6
2017-04-19 23:00:00,0,2,2
2017-04-20 00:00:00,1,1,2
2017-04-20 01:00:00,1,5,6
2017-04-20 02:00:00,0,1,1
2017-04-20 04:00:00,0,2,2
2017-04-20 05:00:00,0,1,1
2017-04-20 06:00:00,1,11,12
2017-04-20 07:00:00,1,17,18
2017-04-20 08:00:00,4,31,35
2017-04-20 09:00:00,6,20,26
2017-04-20 10:00:00,10,12,22
2017-04-20 11:00:00,2,22,24
2017-04-20 12:00:00,9,29,38
2017-04-20 13:00:00,12,19,31
2017-04-20 14:00:00,9,13,22
2017-04-20 15:00:00,8,13,21
2017-04-20 16:00:00,6,30,36
2017-04-20 17:00:00,11,47,58
2017-04-20 18:00:00,15,44,59
2017-04-20 19:00:00,7,29,36
2017-04-20 20:00:00,5,12,17
2017-04-20 21:00:00,8,12,20
2017-04-20 22:00:00,7,3,10
2017-04-20 23:00:00,6,8,14
2017-04-21 00:00:00,4,3,7
2017-04-21 01:00:00,0,1,1
2017-04-21 02:00:00,0,2,2
2017-04-21 03:00:00,0,1,1
2017-04-21 04:00:00,1,1,2
2017-04-21 05:00:00,1,3,4
2017-04-21 06:00:00,4,7,11
2017-04-21 07:00:00,1,12,13
2017-04-21 08:00:00,4,27,31
2017-04-21 09:00:00,1,23,24
2017-04-21 10:00:00,2,11,13
2017-04-21 11:00:00,6,15,21
2017-04-21 12:00:00,7,34,41
2017-04-21 13:00:00,12,25,37
2017-04-21 14:00:00,4,14,18
2017-04-21 15:00:00,8,14,22
2017-04-21 16:00:00,10,31,41
2017-04-21 17:00:00,14,25,39
2017-04-21 18:00:00,14,36,50
2017-04-21 19:00:00,12,26,38
2017-04-21 20:00:00,19,9,28
2017-04-21 21:00:00,18,5,23
2017-04-21 22:00:00,12,10,22
2017-04-21 23:00:00,2,8,10
2017-04-22 00:00:00,6,4,10
2017-04-22 01:00:00,6,1,7
2017-04-22 02:00:00,4,2,6
2017-04-22 03:00:00,0,1,1
2017-04-22 04:00:00,0,2,2
2017-04-22 06:00:00,2,1,3
2017-04-22 07:00:00,4,8,12
2017-04-22 08:00:00,1,11,12
2017-04-22 09:00:00,6,10,16
2017-04-22 10:00:00,18,15,33
2017-04-22 11:00:00,11,14,25
2017-04-22 12:00:00,37,18,55
2017-04-22 13:00:00,30,15,45
2017-04-22 14:00:00,40,19,59
2017-04-22 15:00:00,48,11,59
2017-04-22 16:00:00,37,15,52
2017-04-22 17:00:00,51,15,66
2017-04-22 18:00:00,22,18,40
2017-04-22 19:00:00,30,17,47
2017-04-22 20:00:00,29,5,34
2017-04-22 21:00:00,21,8,29
2017-04-22 22:00:00,19,4,23
2017-04-22 23:00:00,9,4,13
2017-04-23 00:00:00,0,2,2
2017-04-23 01:00:00,7,3,10
2017-04-23 02:00:00,9,1,10
2017-04-23 03:00:00,2,2,4
2017-04-23 06:00:00,1,3,4
2017-04-23 07:00:00,3,1,4
2017-04-23 08:00:00,0,6,6
2017-04-23 09:00:00,5,5,10
2017-04-23 10:00:00,17,11,28
2017-04-23 11:00:00,14,9,23
2017-04-23 12:00:00,11,14,25
2017-04-23 13:00:00,19,14,33
2017-04-23 14:00:00,16,17,33
2017-04-23 15:00:00,16,18,34
2017-04-23 16:00:00,27,10,37
2017-04-23 17:00:00,11,14,25
2017-04-23 18:00:00,10,14,24
2017-04-23 19:00:00,4,8,12
2017-04-23 20:00:00,4,6,10
2017-04-23 21:00:00,3,6,9
2017-04-23 22:00:00,10,10,20
2017-04-23 23:00:00,4,2,6
2017-04-24 00:00:00,3,1,4
2017-04-24 01:00:00,0,2,2
2017-04-24 02:00:00,3,2,5
2017-04-24 03:00:00,0,2,2
2017-04-24 05:00:00,1,3,4
2017-04-24 06:00:00,2,11,13
2017-04-24 07:00:00,0,21,21
2017-04-24 08:00:00,5,29,34
2017-04-24 09:00:00,3,19,22
2017-04-24 10:00:00,6,16,22
2017-04-24 11:00:00,3,11,14
2017-04-24 12:00:00,4,24,28
2017-04-24 13:00:00,4,20,24
2017-04-24 14:00:00,6,10,16
2017-04-24 15:00:00,5,16,21
2017-04-24 16:00:00,7,25,32
2017-04-24 17:00:00,7,32,39
2017-04-24 18:00:00,5,31,36
2017-04-24 19:00:00,6,12,18
2017-04-24 20:00:00,0,10,10
2017-04-24 21:00:00,3,5,8
2017-04-24 22:00:00,2,7,9
2017-04-24 23:00:00,0,6,6
2017-04-25 00:00:00,2,1,3
2017-04-25 01:00:00,1,0,1
2017-04-25 02:00:00,0,1,1
2017-04-25 04:00:00,2,0,2
2017-04-25 05:00:00,1,2,3
2017-04-25 06:00:00,2,11,13
2017-04-25 07:00:00,0,22,22
2017-04-25 08:00:00,4,29,33
2017-04-25 09:00:00,4,22,26
2017-04-25 10:00:00,4,9,13
2017-04-25 11:00:00,4,11,15
2017-04-25 12:00:00,8,23,31
2017-04-25 13:00:00,4,18,22
2017-04-25 14:00:00,8,13,21
2017-04-25 15:00:00,2,15,17
2017-04-25 16:00:00,0,31,31
2017-04-25 17:00:00,4,46,50
2017-04-25 18:00:00,7,33,40
2017-04-25 19:00:00,16,24,40
2017-04-25 20:00:00,3,11,14
2017-04-25 21:00:00,6,15,21
2017-04-25 22:00:00,5,7,12
2017-04-25 23:00:00,4,2,6
2017-04-26 00:00:00,1,5,6
2017-04-26 02:00:00,0,1,1
2017-04-26 05:00:00,0,4,4
2017-04-26 06:00:00,2,12,14
2017-04-26 07:00:00,2,20,22
2017-04-26 08:00:00,10,31,41
2017-04-26 09:00:00,6,18,24
2017-04-26 10:00:00,5,23,28
2017-04-26 11:00:00,2,12,14
2017-04-26 12:00:00,3,20,23
2017-04-26 13:00:00,3,15,18
2017-04-26 14:00:00,7,16,23
2017-04-26 15:00:00,8,17,25
2017-04-26 16:00:00,7,29,36
2017-04-26 17:00:00,7,34,41
2017-04-26 18:00:00,10,38,48
2017-04-26 19:00:00,11,17,28
2017-04-26 20:00:00,17,18,35
2017-04-26 21:00:00,6,7,13
2017-04-26 22:00:00,4,4,8
2017-04-26 23:00:00,0,2,2
2017-04-27 00:00:00,5,1,6
2017-04-27 01:00:00,0,1,1
2017-04-27 04:00:00,1,1,2
2017-04-27 05:00:00,0,2,2
2017-04-27 06:00:00,2,12,14
2017-04-27 07:00:00,2,19,21
2017-04-27 08:00:00,0,26,26
2017-04-27 09:00:00,7,23,30
2017-04-27 10:00:00,7,14,21
2017-04-27 11:00:00,4,11,15
2017-04-27 12:00:00,6,17,23
2017-04-27 13:00:00,8,26,34
2017-04-27 14:00:00,11,17,28
2017-04-27 15:00:00,6,18,24
2017-04-27 16:00:00,12,30,42
2017-04-27 17:00:00,6,37,43
2017-04-27 18:00:00,14,36,50
2017-04-27 19:00:00,3,15,18
2017-04-27 20:00:00,7,9,16
2017-04-27 21:00:00,12,9,21
2017-04-27 22:00:00,8,7,15
2017-04-27 23:00:00,0,1,1
2017-04-28 00:00:00,1,1,2
2017-04-28 02:00:00,1,1,2
2017-04-28 05:00:00,1,4,5
2017-04-28 06:00:00,0,6,6
2017-04-28 07:00:00,2,19,21
2017-04-28 08:00:00,3,33,36
2017-04-28 09:00:00,5,27,32
2017-04-28 10:00:00,5,13,18
2017-04-28 11:00:00,7,19,26
2017-04-28 12:00:00,12,25,37
2017-04-28 13:00:00,8,21,29
2017-04-28 14:00:00,10,18,28
2017-04-28 15:00:00,5,22,27
2017-04-28 16:00:00,6,39,45
2017-04-28 17:00:00,11,43,54
2017-04-28 18:00:00,7,26,33
2017-04-28 19:00:00,23,16,39
2017-04-28 20:00:00,8,14,22
2017-04-28 21:00:00,13,8,21
2017-04-28 22:00:00,34,20,54
2017-04-28 23:00:00,12,5,17
2017-04-29 00:00:00,4,5,9
2017-04-29 01:00:00,1,7,8
2017-04-29 02:00:00,5,2,7
2017-04-29 04:00:00,0,2,2
2017-04-29 06:00:00,0,1,1
2017-04-29 07:00:00,3,3,6
2017-04-29 08:00:00,2,5,7
2017-04-29 09:00:00,1,12,13
2017-04-29 10:00:00,12,18,30
2017-04-29 11:00:00,16,23,39
2017-04-29 12:00:00,20,13,33
2017-04-29 13:00:00,29,22,51
2017-04-29 14:00:00,26,23,49
2017-04-29 15:00:00,28,19,47
2017-04-29 16:00:00,8,13,21
2017-04-29 17:00:00,29,12,41
2017-04-29 18:00:00,20,19,39
2017-04-29 19:00:00,12,17,29
2017-04-29 20:00:00,5,16,21
2017-04-29 21:00:00,5,12,17
2017-04-29 22:00:00,11,5,16
2017-04-29 23:00:00,10,5,15
2017-04-30 00:00:00,6,1,7
2017-04-30 01:00:00,1,1,2
2017-04-30 03:00:00,0,3,3
2017-04-30 04:00:00,0,1,1
2017-04-30 06:00:00,1,1,2
2017-04-30 07:00:00,1,2,3
2017-04-30 08:00:00,3,7,10
2017-04-30 09:00:00,4,9,13
2017-04-30 10:00:00,12,15,27
2017-04-30 11:00:00,14,14,28
2017-04-30 12:00:00,21,20,41
2017-04-30 13:00:00,36,24,60
2017-04-30 14:00:00,35,18,53
2017-04-30 15:00:00,15,15,30
2017-04-30 16:00:00,24,24,48
2017-04-30 17:00:00,16,17,33
2017-04-30 18:00:00,17,8,25
2017-04-30 19:00:00,15,16,31
2017-04-30 20:00:00,8,13,21
2017-04-30 21:00:00,8,6,14
2017-04-30 22:00:00,5,0,5
2017-04-30 23:00:00,0,8,8
2017-05-01 00:00:00,0,2,2
2017-05-01 02:00:00,0,2,2
2017-05-01 04:00:00,0,1,1
2017-05-01 05:00:00,0,2,2
2017-05-01 06:00:00,0,9,9
2017-05-01 07:00:00,2,22,24
2017-05-01 08:00:00,3,31,34
2017-05-01 09:00:00,0,22,22
2017-05-01 10:00:00,5,13,18
2017-05-01 11:00:00,9,19,28
2017-05-01 12:00:00,16,22,38
2017-05-01 13:00:00,14,18,32
2017-05-01 14:00:00,11,16,27
2017-05-01 15:00:00,17,26,43
2017-05-01 16:00:00,9,30,39
2017-05-01 17:00:00,6,36,42
2017-05-01 18:00:00,6,29,35
2017-05-01 19:00:00,7,29,36
2017-05-01 20:00:00,7,12,19
2017-05-01 21:00:00,8,10,18
2017-05-01 22:00:00,3,8,11
2017-05-01 23:00:00,2,2,4
2017-05-02 00:00:00,5,2,7
2017-05-02 01:00:00,2,5,7
2017-05-02 02:00:00,0,1,1
2017-05-02 03:00:00,0,1,1
2017-05-02 04:00:00,0,1,1
2017-05-02 05:00:00,0,2,2
2017-05-02 06:00:00,0,13,13
2017-05-02 07:00:00,1,22,23
2017-05-02 08:00:00,1,36,37
2017-05-02 09:00:00,8,27,35
2017-05-02 10:00:00,5,14,19
2017-05-02 11:00:00,2,23,25
2017-05-02 12:00:00,10,33,43
2017-05-02 13:00:00,7,24,31
2017-05-02 14:00:00,6,17,23
2017-05-02 15:00:00,5,18,23
2017-05-02 16:00:00,9,34,43
2017-05-02 17:00:00,6,40,46
2017-05-02 18:00:00,7,31,38
2017-05-02 19:00:00,4,27,31
2017-05-02 20:00:00,5,13,18
2017-05-02 21:00:00,9,12,21
2017-05-02 22:00:00,1,5,6
2017-05-02 23:00:00,1,5,6
2017-05-03 00:00:00,0,2,2
2017-05-03 01:00:00,4,0,4
2017-05-03 04:00:00,0,2,2
2017-05-03 05:00:00,0,1,1
2017-05-03 06:00:00,2,15,17
2017-05-03 07:00:00,0,26,26
2017-05-03 08:00:00,3,35,38
2017-05-03 09:00:00,6,28,34
2017-05-03 10:00:00,3,18,21
2017-05-03 11:00:00,7,17,24
2017-05-03 12:00:00,2,18,20
2017-05-03 13:00:00,4,32,36
2017-05-03 14:00:00,9,20,29
2017-05-03 15:00:00,8,31,39
2017-05-03 16:00:00,18,33,51
2017-05-03 17:00:00,4,41,45
2017-05-03 18:00:00,6,38,44
2017-05-03 19:00:00,8,26,34
2017-05-03 20:00:00,4,17,21
2017-05-03 21:00:00,5,16,21
2017-05-03 22:00:00,3,9,12
2017-05-03 23:00:00,17,5,22
2017-05-04 00:00:00,0,5,5
2017-05-04 01:00:00,1,2,3
2017-05-04 02:00:00,0,1,1
2017-05-04 04:00:00,0,2,2
2017-05-04 06:00:00,3,9,12
2017-05-04 07:00:00,5,23,28
2017-05-04 08:00:00,1,35,36
2017-05-04 09:00:00,0,29,29
2017-05-04 10:00:00,4,7,11
2017-05-04 11:00:00,6,15,21
2017-05-04 12:00:00,1,26,27
2017-05-04 13:00:00,6,28,34
2017-05-04 14:00:00,11,17,28
2017-05-04 15:00:00,3,16,19
2017-05-04 16:00:00,11,40,51
2017-05-04 17:00:00,13,42,55
2017-05-04 18:00:00,4,37,41
2017-05-04 19:00:00,7,31,38
2017-05-04 20:00:00,3,22,25
2017-05-04 21:00:00,12,23,35
2017-05-04 22:00:00,1,19,20
2017-05-04 23:00:00,1,7,8
2017-05-05 00:00:00,0,2,2
2017-05-05 01:00:00,1,3,4
2017-05-05 02:00:00,3,1,4
2017-05-05 03:00:00,0,1,1
2017-05-05 04:00:00,0,1,1
2017-05-05 06:00:00,2,10,12
2017-05-05 07:00:00,1,11,12
2017-05-05 08:00:00,0,30,30
2017-05-05 09:00:00,1,25,26
2017-05-05 10:00:00,4,22,26
2017-05-05 11:00:00,1,19,20
2017-05-05 12:00:00,15,37,52
2017-05-05 13:00:00,10,43,53
2017-05-05 14:00:00,16,23,39
2017-05-05 15:00:00,7,39,46
2017-05-05 16:00:00,7,42,49
2017-05-05 17:00:00,21,50,71
2017-05-05 18:00:00,17,55,72
2017-05-05 19:00:00,12,37,49
2017-05-05 20:00:00,5,25,30
2017-05-05 21:00:00,10,11,21
2017-05-05 22:00:00,18,9,27
2017-05-05 23:00:00,3,8,11
2017-05-06 00:00:00,7,5,12
2017-05-06 01:00:00,3,9,12
2017-05-06 02:00:00,7,3,10
2017-05-06 03:00:00,5,0,5
2017-05-06 04:00:00,0,2,2
2017-05-06 05:00:00,1,0,1
2017-05-06 06:00:00,1,3,4
2017-05-06 07:00:00,3,4,7
2017-05-06 08:00:00,0,7,7
2017-05-06 09:00:00,2,7,9
2017-05-06 10:00:00,4,9,13
2017-05-06 11:00:00,9,18,27
2017-05-06 12:00:00,7,19,26
2017-05-06 13:00:00,11,27,38
2017-05-06 14:00:00,15,27,42
2017-05-06 15:00:00,12,25,37
2017-05-06 16:00:00,19,20,39
2017-05-06 17:00:00,5,23,28
2017-05-06 18:00:00,21,27,48
2017-05-06 19:00:00,8,13,21
2017-05-06 20:00:00,5,15,20
2017-05-06 21:00:00,5,13,18
2017-05-06 22:00:00,8,10,18
2017-05-06 23:00:00,0,3,3
2017-05-07 00:00:00,0,2,2
2017-05-07 01:00:00,0,1,1
2017-05-07 02:00:00,3,1,4
2017-05-07 04:00:00,2,0,2
2017-05-07 06:00:00,1,1,2
2017-05-07 07:00:00,1,3,4
2017-05-07 08:00:00,7,6,13
2017-05-07 09:00:00,2,13,15
2017-05-07 10:00:00,3,20,23
2017-05-07 11:00:00,11,11,22
2017-05-07 12:00:00,13,20,33
2017-05-07 13:00:00,11,18,29
2017-05-07 14:00:00,7,14,21
2017-05-07 15:00:00,8,11,19
2017-05-07 16:00:00,4,10,14
2017-05-07 17:00:00,7,9,16
2017-05-07 18:00:00,11,20,31
2017-05-07 19:00:00,14,20,34
2017-05-07 20:00:00,7,7,14
2017-05-07 21:00:00,0,5,5
2017-05-07 22:00:00,2,6,8
2017-05-07 23:00:00,0,3,3
2017-05-08 01:00:00,3,0,3
2017-05-08 02:00:00,0,1,1
2017-05-08 03:00:00,0,1,1
2017-05-08 04:00:00,0,1,1
2017-05-08 05:00:00,1,1,2
2017-05-08 06:00:00,2,7,9
2017-05-08 07:00:00,1,27,28
2017-05-08 08:00:00,5,37,42
2017-05-08 09:00:00,5,22,27
2017-05-08 10:00:00,4,14,18
2017-05-08 11:00:00,7,16,23
2017-05-08 12:00:00,7,21,28
2017-05-08 13:00:00,9,31,40
2017-05-08 14:00:00,8,43,51
2017-05-08 15:00:00,7,28,35
2017-05-08 16:00:00,7,37,44
2017-05-08 17:00:00,5,39,44
2017-05-08 18:00:00,3,41,44
2017-05-08 19:00:00,6,29,35
2017-05-08 20:00:00,1,19,20
2017-05-08 21:00:00,0,10,10
2017-05-08 22:00:00,3,3,6
2017-05-08 23:00:00,5,2,7
2017-05-09 00:00:00,2,1,3
2017-05-09 01:00:00,0,1,1
2017-05-09 02:00:00,0,3,3
2017-05-09 03:00:00,0,1,1
2017-05-09 04:00:00,1,1,2
2017-05-09 05:00:00,0,3,3
2017-05-09 06:00:00,0,5,5
2017-05-09 07:00:00,0,30,30
2017-05-09 08:00:00,2,43,45
2017-05-09 09:00:00,6,33,39
2017-05-09 10:00:00,6,25,31
2017-05-09 11:00:00,6,25,31
2017-05-09 12:00:00,3,33,36
2017-05-09 13:00:00,7,34,41
2017-05-09 14:00:00,1,37,38
2017-05-09 15:00:00,8,36,44
2017-05-09 16:00:00,13,39,52
2017-05-09 17:00:00,2,37,39
2017-05-09 18:00:00,13,37,50
2017-05-09 19:00:00,2,15,17
2017-05-09 20:00:00,2,22,24
2017-05-09 21:00:00,1,14,15
2017-05-09 22:00:00,3,4,7
2017-05-09 23:00:00,3,2,5
2017-05-10 00:00:00,0,3,3
2017-05-10 01:00:00,3,0,3
2017-05-10 02:00:00,0,1,1
2017-05-10 03:00:00,0,1,1
2017-05-10 05:00:00,0,2,2
2017-05-10 06:00:00,0,12,12
2017-05-10 07:00:00,2,28,30
2017-05-10 08:00:00,4,30,34
2017-05-10 09:00:00,2,24,26
2017-05-10 10:00:00,3,21,24
2017-05-10 11:00:00,4,31,35
2017-05-10 12:00:00,7,52,59
2017-05-10 13:00:00,5,27,32
2017-05-10 14:00:00,6,33,39
2017-05-10 15:00:00,6,38,44
2017-05-10 16:00:00,9,41,50
2017-05-10 17:00:00,7,59,66
2017-05-10 18:00:00,9,47,56
2017-05-10 19:00:00,4,37,41
2017-05-10 20:00:00,7,21,28
2017-05-10 21:00:00,4,13,17
2017-05-10 22:00:00,11,15,26
2017-05-10 23:00:00,0,7,7
2017-05-11 01:00:00,4,0,4
2017-05-11 04:00:00,0,1,1
2017-05-11 06:00:00,1,7,8
2017-05-11 07:00:00,2,35,37
2017-05-11 08:00:00,5,33,38
2017-05-11 09:00:00,7,36,43
2017-05-11 10:00:00,3,27,30
2017-05-11 11:00:00,5,31,36
2017-05-11 12:00:00,10,36,46
2017-05-11 13:00:00,9,32,41
2017-05-11 14:00:00,11,35,46
2017-05-11 15:00:00,9,20,29
2017-05-11 16:00:00,11,39,50
2017-05-11 17:00:00,9,67,76
2017-05-11 18:00:00,8,54,62
2017-05-11 19:00:00,15,30,45
2017-05-11 20:00:00,14,30,44
2017-05-11 21:00:00,8,26,34
2017-05-11 22:00:00,3,20,23
2017-05-11 23:00:00,3,6,9
2017-05-12 00:00:00,1,5,6
2017-05-12 01:00:00,0,7,7
2017-05-12 03:00:00,1,1,2
2017-05-12 05:00:00,1,1,2
2017-05-12 06:00:00,2,7,9
2017-05-12 07:00:00,5,20,25
2017-05-12 08:00:00,3,45,48
2017-05-12 09:00:00,2,36,38
2017-05-12 10:00:00,0,21,21
2017-05-12 11:00:00,7,29,36
2017-05-12 12:00:00,17,43,60
2017-05-12 13:00:00,14,50,64
2017-05-12 14:00:00,6,32,38
2017-05-12 15:00:00,13,38,51
2017-05-12 16:00:00,7,42,49
2017-05-12 17:00:00,8,47,55
2017-05-12 18:00:00,4,42,46
2017-05-12 19:00:00,2,48,50
2017-05-12 20:00:00,3,33,36
2017-05-12 21:00:00,8,14,22
2017-05-12 22:00:00,7,23,30
2017-05-12 23:00:00,7,8,15
2017-05-13 00:00:00,5,5,10
2017-05-13 01:00:00,3,3,6
2017-05-13 02:00:00,1,1,2
2017-05-13 03:00:00,0,2,2
2017-05-13 04:00:00,3,0,3
2017-05-13 06:00:00,0,2,2
2017-05-13 07:00:00,6,4,10
2017-05-13 08:00:00,1,14,15
2017-05-13 09:00:00,9,13,22
2017-05-13 10:00:00,12,17,29
2017-05-13 11:00:00,4,21,25
2017-05-13 12:00:00,8,19,27
2017-05-13 13:00:00,9,26,35
2017-05-13 14:00:00,21,29,50
2017-05-13 15:00:00,15,36,51
2017-05-13 16:00:00,23,30,53
2017-05-13 17:00:00,12,35,47
2017-05-13 18:00:00,10,23,33
2017-05-13 19:00:00,12,21,33
2017-05-13 20:00:00,6,22,28
2017-05-13 21:00:00,2,15,17
2017-05-13 22:00:00,8,16,24
2017-05-13 23:00:00,4,6,10
2017-05-14 00:00:00,3,7,10
2017-05-14 01:00:00,8,5,13
2017-05-14 02:00:00,1,1,2
2017-05-14 03:00:00,0,1,1
2017-05-14 06:00:00,0,4,4
2017-05-14 07:00:00,2,4,6
2017-05-14 08:00:00,3,3,6
2017-05-14 09:00:00,7,11,18
2017-05-14 10:00:00,11,8,19
2017-05-14 11:00:00,9,21,30
2017-05-14 12:00:00,8,38,46
2017-05-14 13:00:00,2,28,30
2017-05-14 14:00:00,22,24,46
2017-05-14 15:00:00,17,23,40
2017-05-14 16:00:00,12,27,39
2017-05-14 17:00:00,9,34,43
2017-05-14 18:00:00,8,16,24
2017-05-14 19:00:00,3,19,22
2017-05-14 20:00:00,6,20,26
2017-05-14 21:00:00,2,15,17
2017-05-14 22:00:00,6,4,10
2017-05-14 23:00:00,0,2,2
2017-05-15 00:00:00,0,4,4
2017-05-15 01:00:00,0,2,2
2017-05-15 02:00:00,2,0,2
2017-05-15 04:00:00,0,1,1
2017-05-15 05:00:00,0,4,4
2017-05-15 06:00:00,1,14,15
2017-05-15 07:00:00,0,29,29
2017-05-15 08:00:00,0,49,49
2017-05-15 09:00:00,0,24,24
2017-05-15 10:00:00,1,11,12
2017-05-15 11:00:00,3,19,22
2017-05-15 12:00:00,7,45,52
2017-05-15 13:00:00,9,38,47
2017-05-15 14:00:00,11,29,40
2017-05-15 15:00:00,6,31,37
2017-05-15 16:00:00,6,39,45
2017-05-15 17:00:00,6,59,65
2017-05-15 18:00:00,4,50,54
2017-05-15 19:00:00,6,27,33
2017-05-15 20:00:00,0,18,18
2017-05-15 21:00:00,2,9,11
2017-05-15 22:00:00,2,5,7
2017-05-15 23:00:00,1,6,7
2017-05-16 00:00:00,1,4,5
2017-05-16 01:00:00,0,1,1
2017-05-16 02:00:00,0,1,1
2017-05-16 03:00:00,0,2,2
2017-05-16 04:00:00,0,2,2
2017-05-16 05:00:00,0,4,4
2017-05-16 06:00:00,0,13,13
2017-05-16 07:00:00,1,31,32
2017-05-16 08:00:00,4,46,50
2017-05-16 09:00:00,6,30,36
2017-05-16 10:00:00,7,15,22
2017-05-16 11:00:00,5,27,32
2017-05-16 12:00:00,12,54,66
2017-05-16 13:00:00,2,43,45
2017-05-16 14:00:00,4,33,37
2017-05-16 15:00:00,3,20,23
2017-05-16 16:00:00,7,38,45
2017-05-16 17:00:00,3,55,58
2017-05-16 18:00:00,10,43,53
2017-05-16 19:00:00,7,46,53
2017-05-16 20:00:00,3,36,39
2017-05-16 21:00:00,1,21,22
2017-05-16 22:00:00,4,11,15
2017-05-16 23:00:00,5,6,11
2017-05-17 00:00:00,0,6,6
2017-05-17 01:00:00,0,3,3
2017-05-17 02:00:00,0,1,1
2017-05-17 04:00:00,0,1,1
2017-05-17 05:00:00,1,4,5
2017-05-17 06:00:00,0,14,14
2017-05-17 07:00:00,1,31,32
2017-05-17 08:00:00,3,42,45
2017-05-17 09:00:00,4,20,24
2017-05-17 10:00:00,0,14,14
2017-05-17 11:00:00,4,25,29
2017-05-17 12:00:00,10,45,55
2017-05-17 13:00:00,8,38,46
2017-05-17 14:00:00,12,27,39
2017-05-17 15:00:00,3,25,28
2017-05-17 16:00:00,9,43,52
2017-05-17 17:00:00,6,52,58
2017-05-17 18:00:00,8,47,55
2017-05-17 19:00:00,5,37,42
2017-05-17 20:00:00,4,28,32
2017-05-17 21:00:00,5,25,30
2017-05-17 22:00:00,2,13,15
2017-05-17 23:00:00,4,5,9
2017-05-18 00:00:00,2,0,2
2017-05-18 01:00:00,0,6,6
2017-05-18 02:00:00,0,5,5
2017-05-18 04:00:00,0,5,5
2017-05-18 05:00:00,0,3,3
2017-05-18 06:00:00,1,13,14
2017-05-18 07:00:00,14,40,54
2017-05-18 08:00:00,5,41,46
2017-05-18 09:00:00,8,27,35
2017-05-18 10:00:00,5,19,24
2017-05-18 11:00:00,14,34,48
2017-05-18 12:00:00,6,43,49
2017-05-18 13:00:00,7,36,43
2017-05-18 14:00:00,6,33,39
2017-05-18 15:00:00,8,22,30
2017-05-18 16:00:00,11,65,76
2017-05-18 17:00:00,10,67,77
2017-05-18 18:00:00,9,57,66
2017-05-18 19:00:00,3,49,52
2017-05-18 20:00:00,13,41,54
2017-05-18 21:00:00,5,17,22
2017-05-18 22:00:00,13,11,24
2017-05-18 23:00:00,3,4,7
2017-05-19 00:00:00,2,7,9
2017-05-19 01:00:00,1,2,3
2017-05-19 02:00:00,0,3,3
2017-05-19 03:00:00,0,5,5
2017-05-19 04:00:00,0,5,5
2017-05-19 05:00:00,0,4,4
2017-05-19 06:00:00,0,13,13
2017-05-19 07:00:00,2,30,32
2017-05-19 08:00:00,1,35,36
2017-05-19 09:00:00,2,33,35
2017-05-19 10:00:00,3,22,25
2017-05-19 11:00:00,9,31,40
2017-05-19 12:00:00,12,42,54
2017-05-19 13:00:00,8,33,41
2017-05-19 14:00:00,3,29,32
2017-05-19 15:00:00,12,39,51
2017-05-19 16:00:00,7,51,58
2017-05-19 17:00:00,16,48,64
2017-05-19 18:00:00,9,52,61
2017-05-19 19:00:00,8,46,54
2017-05-19 20:00:00,3,32,35
2017-05-19 21:00:00,13,24,37
2017-05-19 22:00:00,12,34,46
2017-05-19 23:00:00,10,17,27
2017-05-20 00:00:00,6,6,12
2017-05-20 01:00:00,6,6,12
2017-05-20 02:00:00,6,8,14
2017-05-20 05:00:00,0,3,3
2017-05-20 06:00:00,1,0,1
2017-05-20 07:00:00,0,6,6
2017-05-20 08:00:00,2,12,14
2017-05-20 09:00:00,3,11,14
2017-05-20 10:00:00,9,45,54
2017-05-20 11:00:00,15,26,41
2017-05-20 12:00:00,6,24,30
2017-05-20 13:00:00,22,29,51
2017-05-20 14:00:00,17,28,45
2017-05-20 15:00:00,5,34,39
2017-05-20 16:00:00,14,24,38
2017-05-20 17:00:00,12,39,51
2017-05-20 18:00:00,19,41,60
2017-05-20 19:00:00,10,22,32
2017-05-20 20:00:00,13,18,31
2017-05-20 21:00:00,4,11,15
2017-05-20 22:00:00,2,23,25
2017-05-20 23:00:00,17,7,24
2017-05-21 00:00:00,11,15,26
2017-05-21 01:00:00,25,5,30
2017-05-21 02:00:00,2,7,9
2017-05-21 03:00:00,0,1,1
2017-05-21 04:00:00,1,4,5
2017-05-21 05:00:00,0,1,1
2017-05-21 06:00:00,0,3,3
2017-05-21 07:00:00,0,1,1
2017-05-21 08:00:00,0,8,8
2017-05-21 09:00:00,6,14,20
2017-05-21 10:00:00,10,12,22
2017-05-21 11:00:00,16,21,37
2017-05-21 12:00:00,11,31,42
2017-05-21 13:00:00,19,18,37
2017-05-21 14:00:00,20,32,52
2017-05-21 15:00:00,13,36,49
2017-05-21 16:00:00,26,42,68
2017-05-21 17:00:00,17,34,51
2017-05-21 18:00:00,21,28,49
2017-05-21 19:00:00,7,36,43
2017-05-21 20:00:00,3,29,32
2017-05-21 21:00:00,10,25,35
2017-05-21 22:00:00,0,8,8
2017-05-21 23:00:00,3,3,6
2017-05-22 00:00:00,2,5,7
2017-05-22 01:00:00,1,1,2
2017-05-22 02:00:00,0,1,1
2017-05-22 03:00:00,0,2,2
2017-05-22 04:00:00,0,1,1
2017-05-22 05:00:00,1,2,3
2017-05-22 06:00:00,0,14,14
2017-05-22 07:00:00,2,28,30
2017-05-22 08:00:00,2,50,52
2017-05-22 09:00:00,4,22,26
2017-05-22 10:00:00,5,21,26
2017-05-22 11:00:00,14,26,40
2017-05-22 12:00:00,8,38,46
2017-05-22 13:00:00,3,47,50
2017-05-22 14:00:00,2,28,30
2017-05-22 15:00:00,5,30,35
2017-05-22 16:00:00,6,49,55
2017-05-22 17:00:00,6,63,69
2017-05-22 18:00:00,12,54,66
2017-05-22 19:00:00,4,30,34
2017-05-22 20:00:00,11,27,38
2017-05-22 21:00:00,6,19,25
2017-05-22 22:00:00,4,8,12
2017-05-22 23:00:00,0,8,8
2017-05-23 00:00:00,0,2,2
2017-05-23 01:00:00,1,5,6
2017-05-23 02:00:00,1,1,2
2017-05-23 04:00:00,0,3,3
2017-05-23 05:00:00,0,3,3
2017-05-23 06:00:00,1,14,15
2017-05-23 07:00:00,4,29,33
2017-05-23 08:00:00,5,48,53
2017-05-23 09:00:00,10,28,38
2017-05-23 10:00:00,2,20,22
2017-05-23 11:00:00,6,36,42
2017-05-23 12:00:00,5,45,50
2017-05-23 13:00:00,12,41,53
2017-05-23 14:00:00,12,29,41
2017-05-23 15:00:00,4,22,26
2017-05-23 16:00:00,5,53,58
2017-05-23 17:00:00,11,56,67
2017-05-23 18:00:00,9,63,72
2017-05-23 19:00:00,16,39,55
2017-05-23 20:00:00,10,34,44
2017-05-23 21:00:00,1,27,28
2017-05-23 22:00:00,2,16,18
2017-05-23 23:00:00,1,11,12
2017-05-24 00:00:00,0,5,5
2017-05-24 01:00:00,0,2,2
2017-05-24 02:00:00,1,2,3
2017-05-24 03:00:00,0,3,3
2017-05-24 04:00:00,0,1,1
2017-05-24 05:00:00,1,3,4
2017-05-24 06:00:00,2,19,21
2017-05-24 07:00:00,1,32,33
2017-05-24 08:00:00,0,45,45
2017-05-24 09:00:00,5,36,41
2017-05-24 10:00:00,2,19,21
2017-05-24 11:00:00,13,21,34
2017-05-24 12:00:00,21,64,85
2017-05-24 13:00:00,14,64,78
2017-05-24 14:00:00,2,24,26
2017-05-24 15:00:00,10,37,47
2017-05-24 16:00:00,13,46,59
2017-05-24 17:00:00,10,58,68
2017-05-24 18:00:00,7,65,72
2017-05-24 19:00:00,6,45,51
2017-05-24 20:00:00,6,36,42
2017-05-24 21:00:00,5,29,34
2017-05-24 22:00:00,1,13,14
2017-05-24 23:00:00,9,3,12
2017-05-25 00:00:00,0,1,1
2017-05-25 01:00:00,0,6,6
2017-05-25 02:00:00,0,2,2
2017-05-25 03:00:00,0,1,1
2017-05-25 04:00:00,1,0,1
2017-05-25 05:00:00,1,4,5
2017-05-25 06:00:00,0,12,12
2017-05-25 07:00:00,0,26,26
2017-05-25 08:00:00,1,51,52
2017-05-25 09:00:00,4,24,28
2017-05-25 10:00:00,5,16,21
2017-05-25 11:00:00,23,37,60
2017-05-25 12:00:00,9,58,67
2017-05-25 13:00:00,22,35,57
2017-05-25 14:00:00,4,32,36
2017-05-25 15:00:00,4,22,26
2017-05-25 16:00:00,1,51,52
2017-05-25 17:00:00,7,53,60
2017-05-25 18:00:00,12,68,80
2017-05-25 19:00:00,10,49,59
2017-05-25 20:00:00,2,19,21
2017-05-25 21:00:00,9,23,32
2017-05-25 22:00:00,2,14,16
2017-05-25 23:00:00,11,11,22
2017-05-26 00:00:00,4,10,14
2017-05-26 01:00:00,1,2,3
2017-05-26 02:00:00,1,0,1
2017-05-26 03:00:00,0,4,4
2017-05-26 04:00:00,1,2,3
2017-05-26 05:00:00,0,6,6
2017-05-26 06:00:00,1,18,19
2017-05-26 07:00:00,1,24,25
2017-05-26 08:00:00,0,41,41
2017-05-26 09:00:00,3,42,45
2017-05-26 10:00:00,5,18,23
2017-05-26 11:00:00,6,28,34
2017-05-26 12:00:00,14,55,69
2017-05-26 13:00:00,19,54,73
2017-05-26 14:00:00,15,38,53
2017-05-26 15:00:00,6,55,61
2017-05-26 16:00:00,15,59,74
2017-05-26 17:00:00,18,59,77
2017-05-26 18:00:00,6,44,50
2017-05-26 19:00:00,19,49,68
2017-05-26 20:00:00,5,32,37
2017-05-26 21:00:00,9,13,22
2017-05-26 22:00:00,12,26,38
2017-05-26 23:00:00,9,10,19
2017-05-27 00:00:00,12,5,17
2017-05-27 01:00:00,10,6,16
2017-05-27 02:00:00,1,2,3
2017-05-27 03:00:00,0,2,2
2017-05-27 04:00:00,0,1,1
2017-05-27 05:00:00,0,3,3
2017-05-27 06:00:00,0,3,3
2017-05-27 07:00:00,0,6,6
2017-05-27 08:00:00,3,10,13
2017-05-27 09:00:00,4,23,27
2017-05-27 10:00:00,13,15,28
2017-05-27 11:00:00,22,30,52
2017-05-27 12:00:00,19,31,50
2017-05-27 13:00:00,18,35,53
2017-05-27 14:00:00,7,25,32
2017-05-27 15:00:00,16,26,42
2017-05-27 16:00:00,12,34,46
2017-05-27 17:00:00,20,32,52
2017-05-27 18:00:00,5,24,29
2017-05-27 19:00:00,7,15,22
2017-05-27 20:00:00,3,18,21
2017-05-27 21:00:00,12,15,27
2017-05-27 22:00:00,6,21,27
2017-05-27 23:00:00,4,11,15
2017-05-28 00:00:00,1,4,5
2017-05-28 01:00:00,1,9,10
2017-05-28 02:00:00,0,3,3
2017-05-28 03:00:00,0,6,6
2017-05-28 04:00:00,0,8,8
2017-05-28 05:00:00,0,2,2
2017-05-28 06:00:00,1,5,6
2017-05-28 07:00:00,1,5,6
2017-05-28 08:00:00,1,15,16
2017-05-28 09:00:00,2,11,13
2017-05-28 10:00:00,7,21,28
2017-05-28 11:00:00,31,27,58
2017-05-28 12:00:00,11,34,45
2017-05-28 13:00:00,12,38,50
2017-05-28 14:00:00,8,37,45
2017-05-28 15:00:00,17,39,56
2017-05-28 16:00:00,25,35,60
2017-05-28 17:00:00,35,38,73
2017-05-28 18:00:00,20,28,48
2017-05-28 19:00:00,15,28,43
2017-05-28 20:00:00,6,25,31
2017-05-28 21:00:00,6,15,21
2017-05-28 22:00:00,4,10,14
2017-05-28 23:00:00,2,9,11
2017-05-29 00:00:00,1,10,11
2017-05-29 01:00:00,2,2,4
2017-05-29 02:00:00,0,5,5
2017-05-29 03:00:00,0,4,4
2017-05-29 04:00:00,2,2,4
2017-05-29 05:00:00,1,6,7
2017-05-29 06:00:00,0,3,3
2017-05-29 07:00:00,2,4,6
2017-05-29 08:00:00,1,5,6
2017-05-29 09:00:00,4,13,17
2017-05-29 10:00:00,3,11,14
2017-05-29 11:00:00,16,20,36
2017-05-29 12:00:00,19,38,57
2017-05-29 13:00:00,17,37,54
2017-05-29 14:00:00,28,26,54
2017-05-29 15:00:00,31,39,70
2017-05-29 16:00:00,15,46,61
2017-05-29 17:00:00,34,31,65
2017-05-29 18:00:00,25,32,57
2017-05-29 19:00:00,26,17,43
2017-05-29 20:00:00,4,20,24
2017-05-29 21:00:00,4,14,18
2017-05-29 22:00:00,3,3,6
2017-05-29 23:00:00,0,7,7
2017-05-30 00:00:00,6,4,10
2017-05-30 01:00:00,0,3,3
2017-05-30 02:00:00,0,2,2
2017-05-30 03:00:00,3,2,5
2017-05-30 04:00:00,0,2,2
2017-05-30 05:00:00,1,4,5
2017-05-30 06:00:00,0,11,11
2017-05-30 07:00:00,2,29,31
2017-05-30 08:00:00,4,39,43
2017-05-30 09:00:00,2,23,25
2017-05-30 10:00:00,1,10,11
2017-05-30 11:00:00,6,22,28
2017-05-30 12:00:00,5,47,52
2017-05-30 13:00:00,9,35,44
2017-05-30 14:00:00,9,28,37
2017-05-30 15:00:00,7,29,36
2017-05-30 16:00:00,5,54,59
2017-05-30 17:00:00,6,46,52
2017-05-30 18:00:00,6,64,70
2017-05-30 19:00:00,7,48,55
2017-05-30 20:00:00,4,30,34
2017-05-30 21:00:00,5,33,38
2017-05-30 22:00:00,0,11,11
2017-05-30 23:00:00,5,10,15
2017-05-31 00:00:00,0,1,1
2017-05-31 01:00:00,0,2,2
2017-05-31 02:00:00,0,2,2
2017-05-31 03:00:00,0,2,2
2017-05-31 05:00:00,0,4,4
2017-05-31 06:00:00,0,14,14
2017-05-31 07:00:00,1,37,38
2017-05-31 08:00:00,2,46,48
2017-05-31 09:00:00,6,31,37
2017-05-31 10:00:00,2,18,20
2017-05-31 11:00:00,6,23,29
2017-05-31 12:00:00,8,37,45
2017-05-31 13:00:00,8,39,47
2017-05-31 14:00:00,7,35,42
2017-05-31 15:00:00,11,31,42
2017-05-31 16:00:00,8,48,56
2017-05-31 17:00:00,20,61,81
2017-05-31 18:00:00,12,59,71
2017-05-31 19:00:00,11,27,38
2017-05-31 20:00:00,14,24,38
2017-05-31 21:00:00,9,31,40
2017-05-31 22:00:00,6,9,15
2017-05-31 23:00:00,2,16,18
2017-06-01 00:00:00,2,5,7
2017-06-01 01:00:00,1,4,5
2017-06-01 02:00:00,0,1,1
2017-06-01 03:00:00,0,1,1
2017-06-01 04:00:00,0,1,1
2017-06-01 05:00:00,0,1,1
2017-06-01 06:00:00,0,12,12
2017-06-01 07:00:00,2,28,30
2017-06-01 08:00:00,6,32,38
2017-06-01 09:00:00,6,34,40
2017-06-01 10:00:00,5,14,19
2017-06-01 11:00:00,3,25,28
2017-06-01 12:00:00,10,48,58
2017-06-01 13:00:00,9,44,53
2017-06-01 14:00:00,4,34,38
2017-06-01 15:00:00,8,25,33
2017-06-01 16:00:00,13,48,61
2017-06-01 17:00:00,13,64,77
2017-06-01 18:00:00,6,37,43
2017-06-01 19:00:00,9,35,44
2017-06-01 20:00:00,2,36,38
2017-06-01 21:00:00,5,14,19
2017-06-01 22:00:00,3,20,23
2017-06-01 23:00:00,2,7,9
2017-06-02 00:00:00,8,5,13
2017-06-02 01:00:00,4,5,9
2017-06-02 02:00:00,6,4,10
2017-06-02 03:00:00,0,1,1
2017-06-02 04:00:00,2,2,4
2017-06-02 05:00:00,0,2,2
2017-06-02 06:00:00,0,8,8
2017-06-02 07:00:00,0,19,19
2017-06-02 08:00:00,6,54,60
2017-06-02 09:00:00,3,29,32
2017-06-02 10:00:00,1,23,24
2017-06-02 11:00:00,9,27,36
2017-06-02 12:00:00,10,49,59
2017-06-02 13:00:00,5,55,60
2017-06-02 14:00:00,10,35,45
2017-06-02 15:00:00,8,34,42
2017-06-02 16:00:00,5,49,54
2017-06-02 17:00:00,11,56,67
2017-06-02 18:00:00,10,43,53
2017-06-02 19:00:00,11,30,41
2017-06-02 20:00:00,7,29,36
2017-06-02 21:00:00,17,12,29
2017-06-02 22:00:00,14,10,24
2017-06-02 23:00:00,8,11,19
2017-06-03 00:00:00,17,7,24
2017-06-03 01:00:00,5,5,10
2017-06-03 02:00:00,5,5,10
2017-06-03 03:00:00,1,2,3
2017-06-03 05:00:00,5,2,7
2017-06-03 06:00:00,0,1,1
2017-06-03 07:00:00,3,2,5
2017-06-03 08:00:00,2,14,16
2017-06-03 09:00:00,0,19,19
2017-06-03 10:00:00,8,24,32
2017-06-03 11:00:00,8,25,33
2017-06-03 12:00:00,9,34,43
2017-06-03 13:00:00,12,30,42
2017-06-03 14:00:00,10,31,41
2017-06-03 15:00:00,15,30,45
2017-06-03 16:00:00,17,30,47
2017-06-03 17:00:00,21,30,51
2017-06-03 18:00:00,8,30,38
2017-06-03 19:00:00,17,22,39
2017-06-03 20:00:00,10,38,48
2017-06-03 21:00:00,2,29,31
2017-06-03 22:00:00,13,7,20
2017-06-03 23:00:00,3,12,15
2017-06-04 00:00:00,17,1,18
2017-06-04 01:00:00,6,7,13
2017-06-04 02:00:00,5,2,7
2017-06-04 03:00:00,0,2,2
2017-06-04 06:00:00,0,1,1
2017-06-04 07:00:00,2,1,3
2017-06-04 08:00:00,2,5,7
2017-06-04 09:00:00,6,7,13
2017-06-04 10:00:00,7,20,27
2017-06-04 11:00:00,13,21,34
2017-06-04 12:00:00,12,27,39
2017-06-04 13:00:00,15,23,38
2017-06-04 14:00:00,19,18,37
2017-06-04 15:00:00,21,21,42
2017-06-04 16:00:00,19,22,41
2017-06-04 17:00:00,10,24,34
2017-06-04 18:00:00,14,21,35
2017-06-04 19:00:00,15,23,38
2017-06-04 20:00:00,9,15,24
2017-06-04 21:00:00,2,6,8
2017-06-04 22:00:00,1,6,7
2017-06-04 23:00:00,0,12,12
2017-06-05 00:00:00,2,5,7
2017-06-05 02:00:00,0,1,1
2017-06-05 03:00:00,0,1,1
2017-06-05 04:00:00,0,1,1
2017-06-05 05:00:00,1,8,9
2017-06-05 06:00:00,0,11,11
2017-06-05 07:00:00,1,25,26
2017-06-05 08:00:00,4,46,50
2017-06-05 09:00:00,3,37,40
2017-06-05 10:00:00,3,20,23
2017-06-05 11:00:00,5,18,23
2017-06-05 12:00:00,4,29,33
2017-06-05 13:00:00,12,22,34
2017-06-05 14:00:00,11,20,31
2017-06-05 15:00:00,10,25,35
2017-06-05 16:00:00,6,46,52
2017-06-05 17:00:00,8,56,64
2017-06-05 18:00:00,10,48,58
2017-06-05 19:00:00,8,38,46
2017-06-05 20:00:00,3,20,23
2017-06-05 21:00:00,7,12,19
2017-06-05 22:00:00,7,12,19
2017-06-05 23:00:00,5,6,11
2017-06-06 00:00:00,3,0,3
2017-06-06 01:00:00,1,3,4
2017-06-06 02:00:00,0,1,1
2017-06-06 05:00:00,0,3,3
2017-06-06 06:00:00,0,12,12
2017-06-06 07:00:00,2,36,38
2017-06-06 08:00:00,5,45,50
2017-06-06 09:00:00,4,32,36
2017-06-06 10:00:00,2,13,15
2017-06-06 11:00:00,8,23,31
2017-06-06 12:00:00,9,36,45
2017-06-06 13:00:00,10,32,42
2017-06-06 14:00:00,7,21,28
2017-06-06 15:00:00,11,37,48
2017-06-06 16:00:00,11,46,57
2017-06-06 17:00:00,13,58,71
2017-06-06 18:00:00,6,37,43
2017-06-06 19:00:00,8,29,37
2017-06-06 20:00:00,11,18,29
2017-06-06 21:00:00,13,18,31
2017-06-06 22:00:00,5,7,12
2017-06-06 23:00:00,2,4,6
2017-06-07 00:00:00,7,5,12
2017-06-07 01:00:00,3,1,4
2017-06-07 03:00:00,0,1,1
2017-06-07 04:00:00,0,1,1
2017-06-07 05:00:00,2,1,3
2017-06-07 06:00:00,0,17,17
2017-06-07 07:00:00,2,31,33
2017-06-07 08:00:00,5,36,41
2017-06-07 09:00:00,5,30,35
2017-06-07 10:00:00,2,20,22
2017-06-07 11:00:00,8,25,33
2017-06-07 12:00:00,2,35,37
2017-06-07 13:00:00,4,41,45
2017-06-07 14:00:00,12,29,41
2017-06-07 15:00:00,10,33,43
2017-06-07 16:00:00,7,46,53
2017-06-07 17:00:00,9,61,70
2017-06-07 18:00:00,12,52,64
2017-06-07 19:00:00,12,29,41
2017-06-07 20:00:00,4,23,27
2017-06-07 21:00:00,3,16,19
2017-06-07 22:00:00,3,16,19
2017-06-07 23:00:00,7,6,13
2017-06-08 00:00:00,0,2,2
2017-06-08 01:00:00,4,0,4
2017-06-08 03:00:00,0,1,1
2017-06-08 04:00:00,0,1,1
2017-06-08 05:00:00,0,4,4
2017-06-08 06:00:00,0,7,7
2017-06-08 07:00:00,2,19,21
2017-06-08 08:00:00,1,35,36
2017-06-08 09:00:00,1,29,30
2017-06-08 10:00:00,4,21,25
2017-06-08 11:00:00,4,27,31
2017-06-08 12:00:00,4,42,46
2017-06-08 13:00:00,4,22,26
2017-06-08 14:00:00,9,31,40
2017-06-08 15:00:00,5,26,31
2017-06-08 16:00:00,9,40,49
2017-06-08 17:00:00,7,49,56
2017-06-08 18:00:00,14,53,67
2017-06-08 19:00:00,9,30,39
2017-06-08 20:00:00,16,26,42
2017-06-08 21:00:00,4,17,21
2017-06-08 22:00:00,1,8,9
2017-06-08 23:00:00,9,1,10
2017-06-09 00:00:00,4,4,8
2017-06-09 01:00:00,4,6,10
2017-06-09 02:00:00,0,3,3
2017-06-09 03:00:00,1,1,2
2017-06-09 04:00:00,0,1,1
2017-06-09 05:00:00,0,4,4
2017-06-09 06:00:00,1,7,8
2017-06-09 07:00:00,2,16,18
2017-06-09 08:00:00,3,51,54
2017-06-09 09:00:00,9,28,37
2017-06-09 10:00:00,3,21,24
2017-06-09 11:00:00,5,20,25
2017-06-09 12:00:00,16,40,56
2017-06-09 13:00:00,6,36,42
2017-06-09 14:00:00,20,23,43
2017-06-09 15:00:00,4,32,36
2017-06-09 16:00:00,12,53,65
2017-06-09 17:00:00,9,54,63
2017-06-09 18:00:00,9,56,65
2017-06-09 19:00:00,5,30,35
2017-06-09 20:00:00,6,23,29
2017-06-09 21:00:00,5,19,24
2017-06-09 22:00:00,3,10,13
2017-06-09 23:00:00,5,12,17
2017-06-10 00:00:00,8,9,17
2017-06-10 01:00:00,13,3,16
2017-06-10 02:00:00,1,5,6
2017-06-10 03:00:00,0,6,6
2017-06-10 05:00:00,1,1,2
2017-06-10 06:00:00,3,1,4
2017-06-10 07:00:00,2,1,3
2017-06-10 08:00:00,4,5,9
2017-06-10 09:00:00,7,17,24
2017-06-10 10:00:00,15,16,31
2017-06-10 11:00:00,7,14,21
2017-06-10 12:00:00,14,19,33
2017-06-10 13:00:00,17,22,39
2017-06-10 14:00:00,21,21,42
2017-06-10 15:00:00,13,22,35
2017-06-10 16:00:00,18,35,53
2017-06-10 17:00:00,17,21,38
2017-06-10 18:00:00,6,21,27
2017-06-10 19:00:00,12,20,32
2017-06-10 20:00:00,3,22,25
2017-06-10 21:00:00,10,12,22
2017-06-10 22:00:00,3,8,11
2017-06-10 23:00:00,2,7,9
2017-06-11 00:00:00,13,12,25
2017-06-11 01:00:00,4,10,14
2017-06-11 02:00:00,4,5,9
2017-06-11 03:00:00,1,8,9
2017-06-11 04:00:00,0,3,3
2017-06-11 06:00:00,0,1,1
2017-06-11 07:00:00,0,4,4
2017-06-11 08:00:00,2,2,4
2017-06-11 09:00:00,3,8,11
2017-06-11 10:00:00,5,12,17
2017-06-11 11:00:00,9,21,30
2017-06-11 12:00:00,12,26,38
2017-06-11 13:00:00,29,22,51
2017-06-11 14:00:00,13,21,34
2017-06-11 15:00:00,20,17,37
2017-06-11 16:00:00,17,25,42
2017-06-11 17:00:00,13,11,24
2017-06-11 18:00:00,14,20,34
2017-06-11 19:00:00,13,16,29
2017-06-11 20:00:00,6,17,23
2017-06-11 21:00:00,1,12,13
2017-06-11 22:00:00,3,14,17
2017-06-11 23:00:00,0,7,7
2017-06-12 00:00:00,4,6,10
2017-06-12 01:00:00,0,3,3
2017-06-12 02:00:00,0,1,1
2017-06-12 04:00:00,1,1,2
2017-06-12 05:00:00,0,4,4
2017-06-12 06:00:00,2,13,15
2017-06-12 07:00:00,3,22,25
2017-06-12 08:00:00,5,36,41
2017-06-12 09:00:00,3,30,33
2017-06-12 10:00:00,3,16,19
2017-06-12 11:00:00,5,24,29
2017-06-12 12:00:00,13,40,53
2017-06-12 13:00:00,8,34,42
2017-06-12 14:00:00,18,32,50
2017-06-12 15:00:00,11,33,44
2017-06-12 16:00:00,8,53,61
2017-06-12 17:00:00,10,48,58
2017-06-12 18:00:00,7,54,61
2017-06-12 19:00:00,5,23,28
2017-06-12 20:00:00,11,27,38
2017-06-12 21:00:00,5,12,17
2017-06-12 22:00:00,1,10,11
2017-06-12 23:00:00,1,5,6
2017-06-13 00:00:00,0,4,4
2017-06-13 01:00:00,0,7,7
2017-06-13 02:00:00,0,2,2
2017-06-13 04:00:00,0,2,2
2017-06-13 05:00:00,0,4,4
2017-06-13 06:00:00,0,16,16
2017-06-13 07:00:00,2,27,29
2017-06-13 08:00:00,1,43,44
2017-06-13 09:00:00,7,32,39
2017-06-13 10:00:00,4,14,18
2017-06-13 11:00:00,9,26,35
2017-06-13 12:00:00,4,48,52
2017-06-13 13:00:00,5,26,31
2017-06-13 14:00:00,11,18,29
2017-06-13 15:00:00,5,20,25
2017-06-13 16:00:00,12,25,37
2017-06-13 17:00:00,14,53,67
2017-06-13 18:00:00,9,60,69
2017-06-13 19:00:00,7,38,45
2017-06-13 20:00:00,7,31,38
2017-06-13 21:00:00,3,15,18
2017-06-13 22:00:00,0,11,11
2017-06-13 23:00:00,0,11,11
2017-06-14 00:00:00,0,5,5
2017-06-14 01:00:00,0,4,4
2017-06-14 03:00:00,0,1,1
2017-06-14 04:00:00,0,2,2
2017-06-14 05:00:00,0,2,2
2017-06-14 06:00:00,1,17,18
2017-06-14 07:00:00,3,26,29
2017-06-14 08:00:00,5,40,45
2017-06-14 09:00:00,10,38,48
2017-06-14 10:00:00,4,21,25
2017-06-14 11:00:00,11,27,38
2017-06-14 12:00:00,5,41,46
2017-06-14 13:00:00,11,41,52
2017-06-14 14:00:00,5,26,31
2017-06-14 15:00:00,10,23,33
2017-06-14 16:00:00,8,32,40
2017-06-14 17:00:00,9,41,50
2017-06-14 18:00:00,14,48,62
2017-06-14 19:00:00,15,29,44
2017-06-14 20:00:00,8,28,36
2017-06-14 21:00:00,6,15,21
2017-06-14 22:00:00,9,11,20
2017-06-14 23:00:00,1,5,6
2017-06-15 00:00:00,0,7,7
2017-06-15 01:00:00,0,4,4
2017-06-15 02:00:00,1,1,2
2017-06-15 03:00:00,1,0,1
2017-06-15 04:00:00,0,3,3
2017-06-15 05:00:00,0,3,3
2017-06-15 06:00:00,0,10,10
2017-06-15 07:00:00,1,27,28
2017-06-15 08:00:00,2,40,42
2017-06-15 09:00:00,8,37,45
2017-06-15 10:00:00,6,18,24
2017-06-15 11:00:00,14,29,43
2017-06-15 12:00:00,5,34,39
2017-06-15 13:00:00,17,34,51
2017-06-15 14:00:00,10,24,34
2017-06-15 15:00:00,11,22,33
2017-06-15 16:00:00,6,44,50
2017-06-15 17:00:00,14,54,68
2017-06-15 18:00:00,13,43,56
2017-06-15 19:00:00,12,35,47
2017-06-15 20:00:00,16,24,40
2017-06-15 21:00:00,30,25,55
2017-06-15 22:00:00,13,11,24
2017-06-15 23:00:00,3,8,11
2017-06-16 00:00:00,1,4,5
2017-06-16 01:00:00,10,4,14
2017-06-16 03:00:00,3,2,5
2017-06-16 04:00:00,0,2,2
2017-06-16 05:00:00,0,2,2
2017-06-16 06:00:00,0,7,7
2017-06-16 07:00:00,1,33,34
2017-06-16 08:00:00,1,45,46
2017-06-16 09:00:00,2,31,33
2017-06-16 10:00:00,7,14,21
2017-06-16 11:00:00,8,15,23
2017-06-16 12:00:00,10,34,44
2017-06-16 13:00:00,7,25,32
2017-06-16 14:00:00,10,26,36
2017-06-16 15:00:00,13,40,53
2017-06-16 16:00:00,15,47,62
2017-06-16 17:00:00,13,52,65
2017-06-16 18:00:00,7,60,67
2017-06-16 19:00:00,5,42,47
2017-06-16 20:00:00,10,17,27
2017-06-16 21:00:00,6,18,24
2017-06-16 22:00:00,19,11,30
2017-06-16 23:00:00,2,10,12
2017-06-17 00:00:00,1,5,6
2017-06-17 01:00:00,7,1,8
2017-06-17 02:00:00,11,4,15
2017-06-17 03:00:00,0,1,1
2017-06-17 04:00:00,0,2,2
2017-06-17 05:00:00,0,2,2
2017-06-17 06:00:00,0,2,2
2017-06-17 07:00:00,0,4,4
2017-06-17 08:00:00,4,6,10
2017-06-17 09:00:00,4,12,16
2017-06-17 10:00:00,11,14,25
2017-06-17 11:00:00,7,18,25
2017-06-17 12:00:00,11,16,27
2017-06-17 13:00:00,22,24,46
2017-06-17 14:00:00,19,22,41
2017-06-17 15:00:00,12,25,37
2017-06-17 16:00:00,20,26,46
2017-06-17 17:00:00,18,34,52
2017-06-17 18:00:00,7,13,20
2017-06-17 19:00:00,9,20,29
2017-06-17 20:00:00,8,17,25
2017-06-17 21:00:00,16,15,31
2017-06-17 22:00:00,10,14,24
2017-06-17 23:00:00,3,11,14
2017-06-18 00:00:00,0,3,3
2017-06-18 01:00:00,3,7,10
2017-06-18 02:00:00,0,8,8
2017-06-18 03:00:00,7,3,10
2017-06-18 04:00:00,0,3,3
2017-06-18 06:00:00,0,1,1
2017-06-18 07:00:00,1,3,4
2017-06-18 08:00:00,3,0,3
2017-06-18 09:00:00,1,7,8
2017-06-18 10:00:00,4,16,20
2017-06-18 11:00:00,12,13,25
2017-06-18 12:00:00,10,16,26
2017-06-18 13:00:00,12,20,32
2017-06-18 14:00:00,10,16,26
2017-06-18 15:00:00,14,22,36
2017-06-18 16:00:00,10,23,33
2017-06-18 17:00:00,12,25,37
2017-06-18 18:00:00,5,29,34
2017-06-18 19:00:00,16,21,37
2017-06-18 20:00:00,2,14,16
2017-06-18 21:00:00,0,12,12
2017-06-18 22:00:00,9,9,18
2017-06-18 23:00:00,0,4,4
2017-06-19 00:00:00,0,2,2
2017-06-19 01:00:00,0,3,3
2017-06-19 02:00:00,1,0,1
2017-06-19 03:00:00,0,2,2
2017-06-19 04:00:00,0,1,1
2017-06-19 05:00:00,0,3,3
2017-06-19 06:00:00,0,11,11
2017-06-19 07:00:00,0,26,26
2017-06-19 08:00:00,3,38,41
2017-06-19 09:00:00,1,21,22
2017-06-19 10:00:00,5,15,20
2017-06-19 11:00:00,2,26,28
2017-06-19 12:00:00,12,35,47
2017-06-19 13:00:00,5,17,22
2017-06-19 14:00:00,3,21,24
2017-06-19 15:00:00,10,30,40
2017-06-19 16:00:00,12,48,60
2017-06-19 17:00:00,9,51,60
2017-06-19 18:00:00,5,51,56
2017-06-19 19:00:00,6,25,31
2017-06-19 20:00:00,2,21,23
2017-06-19 21:00:00,5,8,13
2017-06-19 22:00:00,4,8,12
2017-06-19 23:00:00,2,6,8
2017-06-20 00:00:00,6,3,9
2017-06-20 01:00:00,2,2,4
2017-06-20 02:00:00,0,1,1
2017-06-20 03:00:00,1,0,1
2017-06-20 04:00:00,0,2,2
2017-06-20 05:00:00,2,2,4
2017-06-20 06:00:00,0,12,12
2017-06-20 07:00:00,3,34,37
2017-06-20 08:00:00,4,45,49
2017-06-20 09:00:00,2,33,35
2017-06-20 10:00:00,2,16,18
2017-06-20 11:00:00,2,24,26
2017-06-20 12:00:00,12,36,48
2017-06-20 13:00:00,17,40,57
2017-06-20 14:00:00,5,20,25
2017-06-20 15:00:00,8,20,28
2017-06-20 16:00:00,16,48,64
2017-06-20 17:00:00,16,59,75
2017-06-20 18:00:00,11,47,58
2017-06-20 19:00:00,4,35,39
2017-06-20 20:00:00,11,24,35
2017-06-20 21:00:00,8,14,22
2017-06-20 22:00:00,11,12,23
2017-06-20 23:00:00,3,11,14
2017-06-21 00:00:00,1,7,8
2017-06-21 01:00:00,1,1,2
2017-06-21 05:00:00,1,3,4
2017-06-21 06:00:00,1,17,18
2017-06-21 07:00:00,2,30,32
2017-06-21 08:00:00,4,45,49
2017-06-21 09:00:00,2,31,33
2017-06-21 10:00:00,7,17,24
2017-06-21 11:00:00,4,24,28
2017-06-21 12:00:00,6,35,41
2017-06-21 13:00:00,7,36,43
2017-06-21 14:00:00,14,29,43
2017-06-21 15:00:00,8,21,29
2017-06-21 16:00:00,9,33,42
2017-06-21 17:00:00,20,46,66
2017-06-21 18:00:00,13,42,55
2017-06-21 19:00:00,10,39,49
2017-06-21 20:00:00,8,31,39
2017-06-21 21:00:00,4,17,21
2017-06-21 22:00:00,4,9,13
2017-06-21 23:00:00,4,6,10
2017-06-22 00:00:00,2,2,4
2017-06-22 01:00:00,0,5,5
2017-06-22 02:00:00,0,1,1
2017-06-22 04:00:00,0,1,1
2017-06-22 05:00:00,0,3,3
2017-06-22 06:00:00,0,11,11
2017-06-22 07:00:00,1,30,31
2017-06-22 08:00:00,2,38,40
2017-06-22 09:00:00,3,33,36
2017-06-22 10:00:00,5,18,23
2017-06-22 11:00:00,6,36,42
2017-06-22 12:00:00,15,49,64
2017-06-22 13:00:00,12,34,46
2017-06-22 14:00:00,12,29,41
2017-06-22 15:00:00,11,23,34
2017-06-22 16:00:00,4,47,51
2017-06-22 17:00:00,14,44,58
2017-06-22 18:00:00,14,38,52
2017-06-22 19:00:00,30,36,66
2017-06-22 20:00:00,4,27,31
2017-06-22 21:00:00,12,13,25
2017-06-22 22:00:00,6,9,15
2017-06-22 23:00:00,5,6,11
2017-06-23 00:00:00,5,10,15
2017-06-23 01:00:00,0,1,1
2017-06-23 02:00:00,4,3,7
2017-06-23 03:00:00,3,0,3
2017-06-23 04:00:00,0,2,2
2017-06-23 05:00:00,1,0,1
2017-06-23 06:00:00,0,7,7
2017-06-23 07:00:00,3,31,34
2017-06-23 08:00:00,3,38,41
2017-06-23 09:00:00,2,27,29
2017-06-23 10:00:00,2,22,24
2017-06-23 11:00:00,6,31,37
2017-06-23 12:00:00,12,28,40
2017-06-23 13:00:00,19,35,54
2017-06-23 14:00:00,19,34,53
2017-06-23 15:00:00,6,26,32
2017-06-23 16:00:00,10,41,51
2017-06-23 17:00:00,9,44,53
2017-06-23 18:00:00,7,54,61
2017-06-23 19:00:00,12,25,37
2017-06-23 20:00:00,12,30,42
2017-06-23 21:00:00,1,16,17
2017-06-23 22:00:00,16,9,25
2017-06-23 23:00:00,8,7,15
2017-06-24 00:00:00,7,8,15
2017-06-24 01:00:00,1,2,3
2017-06-24 02:00:00,5,0,5
2017-06-24 03:00:00,0,1,1
2017-06-24 05:00:00,1,1,2
2017-06-24 06:00:00,0,2,2
2017-06-24 07:00:00,2,6,8
2017-06-24 08:00:00,4,5,9
2017-06-24 09:00:00,8,12,20
2017-06-24 10:00:00,4,12,16
2017-06-24 11:00:00,13,16,29
2017-06-24 12:00:00,17,24,41
2017-06-24 13:00:00,21,22,43
2017-06-24 14:00:00,17,25,42
2017-06-24 15:00:00,22,23,45
2017-06-24 16:00:00,11,19,30
2017-06-24 17:00:00,22,19,41
2017-06-24 18:00:00,15,14,29
2017-06-24 19:00:00,15,15,30
2017-06-24 20:00:00,9,19,28
2017-06-24 21:00:00,4,19,23
2017-06-24 22:00:00,9,6,15
2017-06-24 23:00:00,6,7,13
2017-06-25 00:00:00,3,5,8
2017-06-25 01:00:00,9,4,13
2017-06-25 02:00:00,3,0,3
2017-06-25 03:00:00,0,3,3
2017-06-25 04:00:00,1,2,3
2017-06-25 07:00:00,1,3,4
2017-06-25 08:00:00,4,9,13
2017-06-25 09:00:00,2,14,16
2017-06-25 10:00:00,5,20,25
2017-06-25 11:00:00,10,23,33
2017-06-25 12:00:00,7,16,23
2017-06-25 13:00:00,12,20,32
2017-06-25 14:00:00,16,21,37
2017-06-25 15:00:00,10,11,21
2017-06-25 16:00:00,14,24,38
2017-06-25 17:00:00,25,27,52
2017-06-25 18:00:00,25,28,53
2017-06-25 19:00:00,11,22,33
2017-06-25 20:00:00,6,14,20
2017-06-25 21:00:00,2,12,14
2017-06-25 22:00:00,2,7,9
2017-06-25 23:00:00,7,1,8
2017-06-26 00:00:00,5,3,8
2017-06-26 02:00:00,0,2,2
2017-06-26 03:00:00,1,0,1
2017-06-26 04:00:00,0,2,2
2017-06-26 05:00:00,1,5,6
2017-06-26 06:00:00,2,19,21
2017-06-26 07:00:00,3,27,30
2017-06-26 08:00:00,2,38,40
2017-06-26 09:00:00,4,57,61
2017-06-26 10:00:00,2,42,44
2017-06-26 11:00:00,3,24,27
2017-06-26 12:00:00,9,68,77
2017-06-26 13:00:00,3,34,37
2017-06-26 14:00:00,6,27,33
2017-06-26 15:00:00,7,26,33
2017-06-26 16:00:00,10,41,51
2017-06-26 17:00:00,6,49,55
2017-06-26 18:00:00,9,44,53
2017-06-26 19:00:00,6,32,38
2017-06-26 20:00:00,2,30,32
2017-06-26 21:00:00,7,10,17
2017-06-26 22:00:00,5,9,14
2017-06-26 23:00:00,4,5,9
2017-06-27 00:00:00,2,2,4
2017-06-27 01:00:00,5,2,7
2017-06-27 02:00:00,0,2,2
2017-06-27 04:00:00,1,4,5
2017-06-27 05:00:00,0,4,4
2017-06-27 06:00:00,0,11,11
2017-06-27 07:00:00,2,35,37
2017-06-27 08:00:00,2,36,38
2017-06-27 09:00:00,4,32,36
2017-06-27 10:00:00,2,23,25
2017-06-27 11:00:00,4,27,31
2017-06-27 12:00:00,13,61,74
2017-06-27 13:00:00,7,41,48
2017-06-27 14:00:00,7,29,36
2017-06-27 15:00:00,6,27,33
2017-06-27 16:00:00,10,43,53
2017-06-27 17:00:00,9,50,59
2017-06-27 18:00:00,5,47,52
2017-06-27 19:00:00,7,38,45
2017-06-27 20:00:00,11,30,41
2017-06-27 21:00:00,9,20,29
2017-06-27 22:00:00,3,11,14
2017-06-27 23:00:00,0,7,7
2017-06-28 00:00:00,0,1,1
2017-06-28 01:00:00,2,0,2
2017-06-28 02:00:00,1,1,2
2017-06-28 04:00:00,2,4,6
2017-06-28 05:00:00,0,5,5
2017-06-28 06:00:00,1,15,16
2017-06-28 07:00:00,2,33,35
2017-06-28 08:00:00,7,40,47
2017-06-28 09:00:00,3,29,32
2017-06-28 10:00:00,4,22,26
2017-06-28 11:00:00,14,29,43
2017-06-28 12:00:00,10,33,43
2017-06-28 13:00:00,19,34,53
2017-06-28 14:00:00,12,27,39
2017-06-28 15:00:00,13,27,40
2017-06-28 16:00:00,17,40,57
2017-06-28 17:00:00,11,55,66
2017-06-28 18:00:00,9,63,72
2017-06-28 19:00:00,6,33,39
2017-06-28 20:00:00,7,33,40
2017-06-28 21:00:00,3,24,27
2017-06-28 22:00:00,2,9,11
2017-06-28 23:00:00,1,6,7
2017-06-29 00:00:00,1,6,7
2017-06-29 01:00:00,0,3,3
2017-06-29 02:00:00,3,1,4
2017-06-29 03:00:00,0,1,1
2017-06-29 04:00:00,2,4,6
2017-06-29 05:00:00,0,3,3
2017-06-29 06:00:00,1,11,12
2017-06-29 07:00:00,1,35,36
2017-06-29 08:00:00,4,37,41
2017-06-29 09:00:00,0,32,32
2017-06-29 10:00:00,4,23,27
2017-06-29 11:00:00,7,16,23
2017-06-29 12:00:00,13,37,50
2017-06-29 13:00:00,4,37,41
2017-06-29 14:00:00,12,24,36
2017-06-29 15:00:00,10,22,32
2017-06-29 16:00:00,8,43,51
2017-06-29 17:00:00,12,49,61
2017-06-29 18:00:00,13,48,61
2017-06-29 19:00:00,11,24,35
2017-06-29 20:00:00,16,23,39
2017-06-29 21:00:00,3,18,21
2017-06-29 22:00:00,2,13,15
2017-06-29 23:00:00,1,13,14
2017-06-30 00:00:00,13,3,16
2017-06-30 01:00:00,1,0,1
2017-06-30 02:00:00,2,4,6
2017-06-30 03:00:00,0,4,4
2017-06-30 04:00:00,0,3,3
2017-06-30 05:00:00,0,6,6
2017-06-30 06:00:00,1,12,13
2017-06-30 07:00:00,1,30,31
2017-06-30 08:00:00,4,47,51
2017-06-30 09:00:00,7,37,44
2017-06-30 10:00:00,9,18,27
2017-06-30 11:00:00,18,19,37
2017-06-30 12:00:00,21,46,67
2017-06-30 13:00:00,12,33,45
2017-06-30 14:00:00,16,19,35
2017-06-30 15:00:00,11,36,47
2017-06-30 16:00:00,6,45,51
2017-06-30 17:00:00,7,40,47
2017-06-30 18:00:00,14,46,60
2017-06-30 19:00:00,7,28,35
2017-06-30 20:00:00,17,23,40
2017-06-30 21:00:00,7,17,24
2017-06-30 22:00:00,20,6,26
2017-06-30 23:00:00,4,16,20
