Datetime,Casual,Registered,Total
2016-10-01 00:00:00,2,4,6
2016-10-01 01:00:00,12,6,18
2016-10-01 02:00:00,6,1,7
2016-10-01 03:00:00,1,1,2
2016-10-01 04:00:00,1,0,1
2016-10-01 05:00:00,0,3,3
2016-10-01 06:00:00,3,1,4
2016-10-01 07:00:00,4,2,6
2016-10-01 08:00:00,6,11,17
2016-10-01 09:00:00,6,5,11
2016-10-01 10:00:00,12,23,35
2016-10-01 11:00:00,20,17,37
2016-10-01 12:00:00,15,17,32
2016-10-01 13:00:00,24,10,34
2016-10-01 14:00:00,23,19,42
2016-10-01 15:00:00,37,23,60
2016-10-01 16:00:00,38,18,56
2016-10-01 17:00:00,31,24,55
2016-10-01 18:00:00,18,19,37
2016-10-01 19:00:00,7,16,23
2016-10-01 20:00:00,9,21,30
2016-10-01 21:00:00,21,8,29
2016-10-01 22:00:00,28,12,40
2016-10-01 23:00:00,0,7,7
2016-10-02 00:00:00,15,4,19
2016-10-02 01:00:00,6,7,13
2016-10-02 02:00:00,2,1,3
2016-10-02 03:00:00,3,1,4
2016-10-02 04:00:00,1,0,1
2016-10-02 06:00:00,0,2,2
2016-10-02 07:00:00,3,1,4
2016-10-02 08:00:00,7,5,12
2016-10-02 09:00:00,7,9,16
2016-10-02 10:00:00,3,23,26
2016-10-02 11:00:00,11,18,29
2016-10-02 12:00:00,38,20,58
2016-10-02 13:00:00,17,23,40
2016-10-02 14:00:00,22,22,44
2016-10-02 15:00:00,25,13,38
2016-10-02 16:00:00,15,17,32
2016-10-02 17:00:00,19,18,37
2016-10-02 18:00:00,19,24,43
2016-10-02 19:00:00,8,17,25
2016-10-02 20:00:00,0,10,10
2016-10-02 21:00:00,17,5,22
2016-10-02 22:00:00,2,5,7
2016-10-02 23:00:00,2,8,10
2016-10-03 00:00:00,1,2,3
2016-10-03 01:00:00,1,1,2
2016-10-03 02:00:00,0,3,3
2016-10-03 04:00:00,0,1,1
2016-10-03 05:00:00,1,3,4
2016-10-03 06:00:00,4,8,12
2016-10-03 07:00:00,3,31,34
2016-10-03 08:00:00,7,42,49
2016-10-03 09:00:00,4,20,24
2016-10-03 10:00:00,6,19,25
2016-10-03 11:00:00,7,21,28
2016-10-03 12:00:00,16,30,46
2016-10-03 13:00:00,12,29,41
2016-10-03 14:00:00,11,18,29
2016-10-03 15:00:00,9,15,24
2016-10-03 16:00:00,6,45,51
2016-10-03 17:00:00,12,48,60
2016-10-03 18:00:00,13,46,59
2016-10-03 19:00:00,8,29,37
2016-10-03 20:00:00,15,18,33
2016-10-03 21:00:00,9,24,33
2016-10-03 22:00:00,4,11,15
2016-10-03 23:00:00,4,6,10
2016-10-04 00:00:00,3,1,4
2016-10-04 01:00:00,0,1,1
2016-10-04 02:00:00,0,2,2
2016-10-04 03:00:00,1,1,2
2016-10-04 04:00:00,0,2,2
2016-10-04 05:00:00,2,2,4
2016-10-04 06:00:00,4,15,19
2016-10-04 07:00:00,4,40,44
2016-10-04 08:00:00,6,43,49
2016-10-04 09:00:00,2,40,42
2016-10-04 10:00:00,6,23,29
2016-10-04 11:00:00,10,22,32
2016-10-04 12:00:00,13,31,44
2016-10-04 13:00:00,8,30,38
2016-10-04 14:00:00,10,16,26
2016-10-04 15:00:00,7,17,24
2016-10-04 16:00:00,13,37,50
2016-10-04 17:00:00,14,51,65
2016-10-04 18:00:00,5,43,48
2016-10-04 19:00:00,13,35,48
2016-10-04 20:00:00,2,24,26
2016-10-04 21:00:00,5,12,17
2016-10-04 22:00:00,1,6,7
2016-10-04 23:00:00,2,5,7
2016-10-05 00:00:00,3,3,6
2016-10-05 01:00:00,3,1,4
2016-10-05 02:00:00,1,4,5
2016-10-05 03:00:00,0,1,1
2016-10-05 04:00:00,0,3,3
2016-10-05 05:00:00,1,1,2
2016-10-05 06:00:00,6,11,17
2016-10-05 07:00:00,11,29,40
2016-10-05 08:00:00,5,45,50
2016-10-05 09:00:00,10,30,40
2016-10-05 10:00:00,8,18,26
2016-10-05 11:00:00,5,28,33
2016-10-05 12:00:00,11,37,48
2016-10-05 13:00:00,5,22,27
2016-10-05 14:00:00,6,31,37
2016-10-05 15:00:00,7,19,26
2016-10-05 16:00:00,14,31,45
2016-10-05 17:00:00,11,52,63
2016-10-05 18:00:00,21,47,68
2016-10-05 19:00:00,15,27,42
2016-10-05 20:00:00,14,20,34
2016-10-05 21:00:00,6,14,20
2016-10-05 22:00:00,15,11,26
2016-10-05 23:00:00,5,8,13
2016-10-06 00:00:00,3,3,6
2016-10-06 02:00:00,2,1,3
2016-10-06 03:00:00,0,1,1
2016-10-06 04:00:00,0,2,2
2016-10-06 05:00:00,0,4,4
2016-10-06 06:00:00,2,11,13
2016-10-06 07:00:00,4,28,32
2016-10-06 08:00:00,7,48,55
2016-10-06 09:00:00,2,28,30
2016-10-06 10:00:00,3,9,12
2016-10-06 11:00:00,15,34,49
2016-10-06 12:00:00,19,31,50
2016-10-06 13:00:00,16,40,56
2016-10-06 14:00:00,16,24,40
2016-10-06 15:00:00,5,25,30
2016-10-06 16:00:00,12,26,38
2016-10-06 17:00:00,8,43,51
2016-10-06 18:00:00,15,42,57
2016-10-06 19:00:00,9,28,37
2016-10-06 20:00:00,9,26,35
2016-10-06 21:00:00,6,19,25
2016-10-06 22:00:00,9,10,19
2016-10-06 23:00:00,4,2,6
2016-10-07 00:00:00,1,3,4
2016-10-07 01:00:00,1,1,2
2016-10-07 02:00:00,2,3,5
2016-10-07 03:00:00,1,0,1
2016-10-07 04:00:00,0,1,1
2016-10-07 05:00:00,0,3,3
2016-10-07 06:00:00,1,14,15
2016-10-07 07:00:00,8,34,42
2016-10-07 08:00:00,7,38,45
2016-10-07 09:00:00,10,37,47
2016-10-07 10:00:00,12,15,27
2016-10-07 11:00:00,20,28,48
2016-10-07 12:00:00,15,44,59
2016-10-07 13:00:00,7,45,52
2016-10-07 14:00:00,13,22,35
2016-10-07 15:00:00,10,22,32
2016-10-07 16:00:00,12,39,51
2016-10-07 17:00:00,20,42,62
2016-10-07 18:00:00,14,52,66
2016-10-07 19:00:00,5,22,27
2016-10-07 20:00:00,13,25,38
2016-10-07 21:00:00,16,26,42
2016-10-07 22:00:00,15,5,20
2016-10-07 23:00:00,18,5,23
2016-10-08 00:00:00,15,6,21
2016-10-08 01:00:00,8,6,14
2016-10-08 02:00:00,3,1,4
2016-10-08 03:00:00,1,4,5
2016-10-08 04:00:00,1,1,2
2016-10-08 05:00:00,1,3,4
2016-10-08 06:00:00,1,2,3
2016-10-08 07:00:00,0,8,8
2016-10-08 08:00:00,5,5,10
2016-10-08 09:00:00,6,14,20
2016-10-08 10:00:00,3,19,22
2016-10-08 11:00:00,26,15,41
2016-10-08 12:00:00,26,28,54
2016-10-08 13:00:00,12,16,28
2016-10-08 14:00:00,14,26,40
2016-10-08 15:00:00,6,23,29
2016-10-08 16:00:00,15,19,34
2016-10-08 17:00:00,21,29,50
2016-10-08 18:00:00,6,23,29
2016-10-08 19:00:00,13,15,28
2016-10-08 20:00:00,7,12,19
2016-10-08 21:00:00,12,7,19
2016-10-08 22:00:00,16,13,29
2016-10-08 23:00:00,20,8,28
2016-10-09 00:00:00,24,5,29
2016-10-09 01:00:00,10,5,15
2016-10-09 02:00:00,2,6,8
2016-10-09 03:00:00,1,2,3
2016-10-09 04:00:00,0,1,1
2016-10-09 05:00:00,0,1,1
2016-10-09 06:00:00,0,1,1
2016-10-09 07:00:00,7,1,8
2016-10-09 08:00:00,3,10,13
2016-10-09 09:00:00,9,12,21
2016-10-09 10:00:00,7,8,15
2016-10-09 11:00:00,14,14,28
2016-10-09 12:00:00,15,17,32
2016-10-09 13:00:00,11,24,35
2016-10-09 14:00:00,18,24,42
2016-10-09 15:00:00,14,33,47
2016-10-09 16:00:00,18,28,46
2016-10-09 17:00:00,29,37,66
2016-10-09 18:00:00,11,21,32
2016-10-09 19:00:00,12,19,31
2016-10-09 20:00:00,8,11,19
2016-10-09 21:00:00,15,10,25
2016-10-09 22:00:00,11,11,22
2016-10-09 23:00:00,0,9,9
2016-10-10 00:00:00,2,4,6
2016-10-10 01:00:00,2,3,5
2016-10-10 02:00:00,1,1,2
2016-10-10 03:00:00,0,1,1
2016-10-10 04:00:00,1,3,4
2016-10-10 05:00:00,0,2,2
2016-10-10 06:00:00,2,8,10
2016-10-10 07:00:00,1,25,26
2016-10-10 08:00:00,7,30,37
2016-10-10 09:00:00,2,26,28
2016-10-10 10:00:00,2,15,17
2016-10-10 11:00:00,16,20,36
2016-10-10 12:00:00,17,24,41
2016-10-10 13:00:00,11,30,41
2016-10-10 14:00:00,10,20,30
2016-10-10 15:00:00,10,17,27
2016-10-10 16:00:00,5,30,35
2016-10-10 17:00:00,12,33,45
2016-10-10 18:00:00,9,47,56
2016-10-10 19:00:00,4,29,33
2016-10-10 20:00:00,13,22,35
2016-10-10 21:00:00,5,8,13
2016-10-10 22:00:00,3,9,12
2016-10-10 23:00:00,1,7,8
2016-10-11 00:00:00,2,4,6
2016-10-11 01:00:00,2,0,2
2016-10-11 02:00:00,0,1,1
2016-10-11 03:00:00,0,1,1
2016-10-11 04:00:00,1,4,5
2016-10-11 05:00:00,1,2,3
2016-10-11 06:00:00,0,8,8
2016-10-11 07:00:00,1,30,31
2016-10-11 08:00:00,4,42,46
2016-10-11 09:00:00,7,30,37
2016-10-11 10:00:00,6,21,27
2016-10-11 11:00:00,4,23,27
2016-10-11 12:00:00,8,25,33
2016-10-11 13:00:00,11,29,40
2016-10-11 14:00:00,9,8,17
2016-10-11 15:00:00,1,26,27
2016-10-11 16:00:00,3,32,35
2016-10-11 17:00:00,8,45,53
2016-10-11 18:00:00,12,34,46
2016-10-11 19:00:00,10,23,33
2016-10-11 20:00:00,5,19,24
2016-10-11 21:00:00,7,10,17
2016-10-11 22:00:00,0,2,2
2016-10-11 23:00:00,0,7,7
2016-10-12 00:00:00,1,3,4
2016-10-12 01:00:00,2,2,4
2016-10-12 02:00:00,1,4,5
2016-10-12 03:00:00,0,1,1
2016-10-12 04:00:00,2,3,5
2016-10-12 05:00:00,0,2,2
2016-10-12 06:00:00,0,18,18
2016-10-12 07:00:00,4,30,34
2016-10-12 08:00:00,2,34,36
2016-10-12 09:00:00,0,26,26
2016-10-12 10:00:00,4,14,18
2016-10-12 11:00:00,6,17,23
2016-10-12 12:00:00,9,33,42
2016-10-12 13:00:00,17,33,50
2016-10-12 14:00:00,4,22,26
2016-10-12 15:00:00,8,14,22
2016-10-12 16:00:00,14,39,53
2016-10-12 17:00:00,13,53,66
2016-10-12 18:00:00,5,47,52
2016-10-12 19:00:00,8,22,30
2016-10-12 20:00:00,6,26,32
2016-10-12 21:00:00,4,11,15
2016-10-12 22:00:00,1,7,8
2016-10-12 23:00:00,4,6,10
2016-10-13 00:00:00,5,2,7
2016-10-13 01:00:00,1,2,3
2016-10-13 02:00:00,0,1,1
2016-10-13 03:00:00,0,2,2
2016-10-13 04:00:00,0,2,2
2016-10-13 05:00:00,1,4,5
2016-10-13 06:00:00,0,13,13
2016-10-13 07:00:00,1,29,30
2016-10-13 08:00:00,1,46,47
2016-10-13 09:00:00,1,33,34
2016-10-13 10:00:00,4,11,15
2016-10-13 11:00:00,13,33,46
2016-10-13 12:00:00,12,44,56
2016-10-13 13:00:00,18,42,60
2016-10-13 14:00:00,11,21,32
2016-10-13 15:00:00,10,22,32
2016-10-13 16:00:00,6,32,38
2016-10-13 17:00:00,11,61,72
2016-10-13 18:00:00,12,50,62
2016-10-13 19:00:00,5,22,27
2016-10-13 20:00:00,8,21,29
2016-10-13 21:00:00,6,10,16
2016-10-13 22:00:00,3,11,14
2016-10-13 23:00:00,4,8,12
2016-10-14 00:00:00,0,5,5
2016-10-14 01:00:00,3,2,5
2016-10-14 02:00:00,3,0,3
2016-10-14 03:00:00,0,2,2
2016-10-14 04:00:00,0,2,2
2016-10-14 05:00:00,0,1,1
2016-10-14 06:00:00,1,11,12
2016-10-14 07:00:00,1,30,31
2016-10-14 08:00:00,3,31,34
2016-10-14 09:00:00,1,27,28
2016-10-14 10:00:00,12,18,30
2016-10-14 11:00:00,6,27,33
2016-10-14 12:00:00,13,35,48
2016-10-14 13:00:00,7,27,34
2016-10-14 14:00:00,16,29,45
2016-10-14 15:00:00,13,19,32
2016-10-14 16:00:00,8,36,44
2016-10-14 17:00:00,9,41,50
2016-10-14 18:00:00,8,32,40
2016-10-14 19:00:00,5,20,25
2016-10-14 20:00:00,4,15,19
2016-10-14 21:00:00,13,20,33
2016-10-14 22:00:00,6,11,17
2016-10-14 23:00:00,10,3,13
2016-10-15 00:00:00,2,5,7
2016-10-15 01:00:00,6,4,10
2016-10-15 02:00:00,2,0,2
2016-10-15 03:00:00,1,2,3
2016-10-15 04:00:00,2,3,5
2016-10-15 05:00:00,2,3,5
2016-10-15 06:00:00,3,2,5
2016-10-15 07:00:00,4,5,9
2016-10-15 08:00:00,0,7,7
2016-10-15 09:00:00,3,7,10
2016-10-15 10:00:00,22,11,33
2016-10-15 11:00:00,14,16,30
2016-10-15 12:00:00,21,17,38
2016-10-15 13:00:00,26,17,43
2016-10-15 14:00:00,13,17,30
2016-10-15 15:00:00,20,13,33
2016-10-15 16:00:00,35,15,50
2016-10-15 17:00:00,11,20,31
2016-10-15 18:00:00,1,19,20
2016-10-15 19:00:00,7,18,25
2016-10-15 20:00:00,5,8,13
2016-10-15 21:00:00,7,10,17
2016-10-15 22:00:00,8,7,15
2016-10-15 23:00:00,2,12,14
2016-10-16 00:00:00,18,7,25
2016-10-16 01:00:00,6,4,10
2016-10-16 02:00:00,11,6,17
2016-10-16 03:00:00,0,2,2
2016-10-16 04:00:00,0,1,1
2016-10-16 06:00:00,0,2,2
2016-10-16 07:00:00,2,6,8
2016-10-16 08:00:00,12,12,24
2016-10-16 09:00:00,64,24,88
2016-10-16 10:00:00,75,40,115
2016-10-16 11:00:00,157,47,204
2016-10-16 12:00:00,135,39,174
2016-10-16 13:00:00,169,52,221
2016-10-16 14:00:00,152,62,214
2016-10-16 15:00:00,90,56,146
2016-10-16 16:00:00,43,33,76
2016-10-16 17:00:00,24,20,44
2016-10-16 18:00:00,10,22,32
2016-10-16 19:00:00,6,20,26
2016-10-16 20:00:00,8,8,16
2016-10-16 21:00:00,5,8,13
2016-10-16 22:00:00,10,8,18
2016-10-16 23:00:00,6,3,9
2016-10-17 00:00:00,1,4,5
2016-10-17 04:00:00,0,1,1
2016-10-17 05:00:00,1,0,1
2016-10-17 06:00:00,1,1,2
2016-10-17 07:00:00,3,8,11
2016-10-17 08:00:00,1,8,9
2016-10-17 09:00:00,1,14,15
2016-10-17 10:00:00,0,5,5
2016-10-17 11:00:00,3,10,13
2016-10-17 12:00:00,7,16,23
2016-10-17 13:00:00,10,31,41
2016-10-17 14:00:00,18,15,33
2016-10-17 15:00:00,10,11,21
2016-10-17 16:00:00,7,23,30
2016-10-17 17:00:00,7,35,42
2016-10-17 18:00:00,16,49,65
2016-10-17 19:00:00,1,35,36
2016-10-17 20:00:00,4,8,12
2016-10-17 21:00:00,3,13,16
2016-10-17 22:00:00,4,4,8
2016-10-17 23:00:00,1,14,15
2016-10-18 00:00:00,6,2,8
2016-10-18 01:00:00,0,1,1
2016-10-18 03:00:00,1,0,1
2016-10-18 04:00:00,0,1,1
2016-10-18 05:00:00,0,1,1
2016-10-18 06:00:00,1,10,11
2016-10-18 07:00:00,1,23,24
2016-10-18 08:00:00,3,40,43
2016-10-18 09:00:00,2,37,39
2016-10-18 10:00:00,6,15,21
2016-10-18 11:00:00,6,23,29
2016-10-18 12:00:00,11,23,34
2016-10-18 13:00:00,11,22,33
2016-10-18 14:00:00,8,20,28
2016-10-18 15:00:00,3,28,31
2016-10-18 16:00:00,9,31,40
2016-10-18 17:00:00,7,50,57
2016-10-18 18:00:00,7,45,52
2016-10-18 19:00:00,6,23,29
2016-10-18 20:00:00,3,25,28
2016-10-18 21:00:00,7,13,20
2016-10-18 22:00:00,5,15,20
2016-10-18 23:00:00,2,8,10
2016-10-19 00:00:00,1,2,3
2016-10-19 01:00:00,2,1,3
2016-10-19 02:00:00,2,8,10
2016-10-19 03:00:00,0,2,2
2016-10-19 04:00:00,1,2,3
2016-10-19 05:00:00,0,5,5
2016-10-19 06:00:00,0,12,12
2016-10-19 07:00:00,2,34,36
2016-10-19 08:00:00,3,32,35
2016-10-19 09:00:00,3,29,32
2016-10-19 10:00:00,6,22,28
2016-10-19 11:00:00,4,16,20
2016-10-19 12:00:00,5,28,33
2016-10-19 13:00:00,7,22,29
2016-10-19 14:00:00,11,19,30
2016-10-19 15:00:00,9,25,34
2016-10-19 16:00:00,6,32,38
2016-10-19 17:00:00,17,62,79
2016-10-19 18:00:00,7,43,50
2016-10-19 19:00:00,3,19,22
2016-10-19 20:00:00,8,22,30
2016-10-19 21:00:00,17,13,30
2016-10-19 22:00:00,5,16,21
2016-10-19 23:00:00,1,3,4
2016-10-20 00:00:00,5,1,6
2016-10-20 01:00:00,4,1,5
2016-10-20 02:00:00,1,3,4
2016-10-20 04:00:00,1,1,2
2016-10-20 05:00:00,1,2,3
2016-10-20 06:00:00,0,8,8
2016-10-20 07:00:00,3,23,26
2016-10-20 08:00:00,3,39,42
2016-10-20 09:00:00,2,26,28
2016-10-20 10:00:00,2,20,22
2016-10-20 11:00:00,11,19,30
2016-10-20 12:00:00,5,28,33
2016-10-20 13:00:00,15,32,47
2016-10-20 14:00:00,7,17,24
2016-10-20 15:00:00,1,15,16
2016-10-20 16:00:00,4,32,36
2016-10-20 17:00:00,18,46,64
2016-10-20 18:00:00,12,43,55
2016-10-20 19:00:00,8,29,37
2016-10-20 20:00:00,9,12,21
2016-10-20 21:00:00,19,14,33
2016-10-20 22:00:00,12,15,27
2016-10-20 23:00:00,5,13,18
2016-10-21 00:00:00,3,7,10
2016-10-21 01:00:00,0,1,1
2016-10-21 02:00:00,0,2,2
2016-10-21 03:00:00,4,1,5
2016-10-21 04:00:00,0,1,1
2016-10-21 05:00:00,0,3,3
2016-10-21 06:00:00,0,9,9
2016-10-21 07:00:00,3,23,26
2016-10-21 08:00:00,2,40,42
2016-10-21 09:00:00,6,31,37
2016-10-21 10:00:00,17,19,36
2016-10-21 11:00:00,15,20,35
2016-10-21 12:00:00,7,25,32
2016-10-21 13:00:00,10,37,47
2016-10-21 14:00:00,6,24,30
2016-10-21 15:00:00,12,21,33
2016-10-21 16:00:00,4,28,32
2016-10-21 17:00:00,8,36,44
2016-10-21 18:00:00,6,38,44
2016-10-21 19:00:00,10,21,31
2016-10-21 20:00:00,4,25,29
2016-10-21 21:00:00,15,12,27
2016-10-21 22:00:00,10,12,22
2016-10-21 23:00:00,12,6,18
2016-10-22 00:00:00,7,5,12
2016-10-22 01:00:00,3,7,10
2016-10-22 02:00:00,1,1,2
2016-10-22 03:00:00,3,2,5
2016-10-22 04:00:00,0,3,3
2016-10-22 05:00:00,3,2,5
2016-10-22 07:00:00,3,11,14
2016-10-22 08:00:00,3,11,14
2016-10-22 09:00:00,8,14,22
2016-10-22 10:00:00,9,18,27
2016-10-22 11:00:00,16,17,33
2016-10-22 12:00:00,12,20,32
2016-10-22 13:00:00,6,17,23
2016-10-22 14:00:00,18,17,35
2016-10-22 15:00:00,19,18,37
2016-10-22 16:00:00,31,17,48
2016-10-22 17:00:00,25,14,39
2016-10-22 18:00:00,13,7,20
2016-10-22 19:00:00,20,6,26
2016-10-22 20:00:00,11,17,28
2016-10-22 21:00:00,16,15,31
2016-10-22 22:00:00,10,4,14
2016-10-22 23:00:00,2,7,9
2016-10-23 00:00:00,5,3,8
2016-10-23 01:00:00,18,5,23
2016-10-23 02:00:00,6,1,7
2016-10-23 03:00:00,0,3,3
2016-10-23 04:00:00,0,3,3
2016-10-23 05:00:00,0,1,1
2016-10-23 06:00:00,2,1,3
2016-10-23 07:00:00,0,1,1
2016-10-23 08:00:00,0,11,11
2016-10-23 09:00:00,5,9,14
2016-10-23 10:00:00,7,13,20
2016-10-23 11:00:00,13,17,30
2016-10-23 12:00:00,30,27,57
2016-10-23 13:00:00,35,13,48
2016-10-23 14:00:00,21,19,40
2016-10-23 15:00:00,21,17,38
2016-10-23 16:00:00,9,18,27
2016-10-23 17:00:00,15,14,29
2016-10-23 18:00:00,14,13,27
2016-10-23 19:00:00,16,13,29
2016-10-23 20:00:00,2,6,8
2016-10-23 21:00:00,2,4,6
2016-10-23 22:00:00,0,7,7
2016-10-23 23:00:00,1,5,6
2016-10-24 00:00:00,3,4,7
2016-10-24 01:00:00,1,2,3
2016-10-24 02:00:00,2,4,6
2016-10-24 03:00:00,0,2,2
2016-10-24 04:00:00,0,1,1
2016-10-24 05:00:00,0,4,4
2016-10-24 06:00:00,1,3,4
2016-10-24 07:00:00,1,10,11
2016-10-24 08:00:00,0,4,4
2016-10-24 09:00:00,3,15,18
2016-10-24 10:00:00,2,16,18
2016-10-24 11:00:00,9,26,35
2016-10-24 12:00:00,3,21,24
2016-10-24 13:00:00,15,25,40
2016-10-24 14:00:00,7,15,22
2016-10-24 15:00:00,3,15,18
2016-10-24 16:00:00,8,28,36
2016-10-24 17:00:00,15,39,54
2016-10-24 18:00:00,7,25,32
2016-10-24 19:00:00,7,30,37
2016-10-24 20:00:00,17,27,44
2016-10-24 21:00:00,9,17,26
2016-10-24 22:00:00,6,12,18
2016-10-24 23:00:00,7,11,18
2016-10-25 00:00:00,2,3,5
2016-10-25 01:00:00,0,2,2
2016-10-25 02:00:00,2,1,3
2016-10-25 03:00:00,0,1,1
2016-10-25 04:00:00,0,2,2
2016-10-25 05:00:00,0,3,3
2016-10-25 06:00:00,3,6,9
2016-10-25 07:00:00,2,30,32
2016-10-25 08:00:00,3,41,44
2016-10-25 09:00:00,3,23,26
2016-10-25 10:00:00,5,18,23
2016-10-25 11:00:00,4,29,33
2016-10-25 12:00:00,5,35,40
2016-10-25 13:00:00,7,31,38
2016-10-25 14:00:00,6,18,24
2016-10-25 15:00:00,10,20,30
2016-10-25 16:00:00,8,38,46
2016-10-25 17:00:00,7,45,52
2016-10-25 18:00:00,7,42,49
2016-10-25 19:00:00,7,21,28
2016-10-25 20:00:00,3,18,21
2016-10-25 21:00:00,6,11,17
2016-10-25 22:00:00,6,6,12
2016-10-25 23:00:00,5,2,7
2016-10-26 00:00:00,5,9,14
2016-10-26 01:00:00,2,1,3
2016-10-26 02:00:00,1,4,5
2016-10-26 03:00:00,1,2,3
2016-10-26 04:00:00,0,2,2
2016-10-26 05:00:00,0,5,5
2016-10-26 06:00:00,1,10,11
2016-10-26 07:00:00,2,38,40
2016-10-26 08:00:00,7,33,40
2016-10-26 09:00:00,6,26,32
2016-10-26 10:00:00,5,12,17
2016-10-26 11:00:00,5,27,32
2016-10-26 12:00:00,12,23,35
2016-10-26 13:00:00,11,14,25
2016-10-26 14:00:00,6,21,27
2016-10-26 15:00:00,5,23,28
2016-10-26 16:00:00,4,26,30
2016-10-26 17:00:00,5,43,48
2016-10-26 18:00:00,7,32,39
2016-10-26 19:00:00,6,26,32
2016-10-26 20:00:00,1,19,20
2016-10-26 21:00:00,8,18,26
2016-10-26 22:00:00,10,13,23
2016-10-26 23:00:00,7,4,11
2016-10-27 00:00:00,3,3,6
2016-10-27 01:00:00,2,2,4
2016-10-27 02:00:00,0,4,4
2016-10-27 03:00:00,3,0,3
2016-10-27 04:00:00,0,1,1
2016-10-27 05:00:00,0,3,3
2016-10-27 06:00:00,1,6,7
2016-10-27 07:00:00,1,30,31
2016-10-27 08:00:00,4,43,47
2016-10-27 09:00:00,4,27,31
2016-10-27 10:00:00,3,16,19
2016-10-27 11:00:00,5,16,21
2016-10-27 12:00:00,4,29,33
2016-10-27 13:00:00,9,23,32
2016-10-27 14:00:00,7,19,26
2016-10-27 15:00:00,6,24,30
2016-10-27 16:00:00,5,41,46
2016-10-27 17:00:00,13,57,70
2016-10-27 18:00:00,7,34,41
2016-10-27 19:00:00,8,29,37
2016-10-27 20:00:00,5,25,30
2016-10-27 21:00:00,11,20,31
2016-10-27 22:00:00,4,9,13
2016-10-27 23:00:00,3,4,7
2016-10-28 00:00:00,4,5,9
2016-10-28 01:00:00,0,3,3
2016-10-28 02:00:00,2,0,2
2016-10-28 03:00:00,0,5,5
2016-10-28 04:00:00,0,2,2
2016-10-28 05:00:00,1,3,4
2016-10-28 06:00:00,1,6,7
2016-10-28 07:00:00,2,24,26
2016-10-28 08:00:00,4,34,38
2016-10-28 09:00:00,6,27,33
2016-10-28 10:00:00,4,15,19
2016-10-28 11:00:00,17,15,32
2016-10-28 12:00:00,18,28,46
2016-10-28 13:00:00,7,28,35
2016-10-28 14:00:00,11,18,29
2016-10-28 15:00:00,10,17,27
2016-10-28 16:00:00,11,35,46
2016-10-28 17:00:00,12,48,60
2016-10-28 18:00:00,9,35,44
2016-10-28 19:00:00,10,34,44
2016-10-28 20:00:00,9,23,32
2016-10-28 21:00:00,12,14,26
2016-10-28 22:00:00,7,6,13
2016-10-28 23:00:00,15,7,22
2016-10-29 00:00:00,8,4,12
2016-10-29 01:00:00,7,4,11
2016-10-29 02:00:00,5,1,6
2016-10-29 03:00:00,1,2,3
2016-10-29 04:00:00,1,3,4
2016-10-29 05:00:00,0,1,1
2016-10-29 06:00:00,1,2,3
2016-10-29 07:00:00,1,6,7
2016-10-29 08:00:00,6,7,13
2016-10-29 09:00:00,13,16,29
2016-10-29 10:00:00,13,14,27
2016-10-29 11:00:00,19,22,41
2016-10-29 12:00:00,23,16,39
2016-10-29 13:00:00,7,17,24
2016-10-29 14:00:00,24,20,44
2016-10-29 15:00:00,26,15,41
2016-10-29 16:00:00,23,22,45
2016-10-29 17:00:00,26,19,45
2016-10-29 18:00:00,16,21,37
2016-10-29 19:00:00,11,16,27
2016-10-29 20:00:00,6,14,20
2016-10-29 21:00:00,8,12,20
2016-10-29 22:00:00,11,7,18
2016-10-29 23:00:00,11,12,23
2016-10-30 00:00:00,1,10,11
2016-10-30 01:00:00,4,6,10
2016-10-30 02:00:00,8,5,13
2016-10-30 03:00:00,0,1,1
2016-10-30 04:00:00,0,1,1
2016-10-30 05:00:00,3,2,5
2016-10-30 06:00:00,5,3,8
2016-10-30 07:00:00,2,1,3
2016-10-30 08:00:00,1,3,4
2016-10-30 09:00:00,4,11,15
2016-10-30 10:00:00,3,12,15
2016-10-30 11:00:00,3,7,10
2016-10-30 12:00:00,7,11,18
2016-10-30 13:00:00,11,18,29
2016-10-30 14:00:00,6,9,15
2016-10-30 15:00:00,18,14,32
2016-10-30 16:00:00,12,8,20
2016-10-30 17:00:00,10,16,26
2016-10-30 18:00:00,7,14,21
2016-10-30 19:00:00,4,14,18
2016-10-30 20:00:00,8,7,15
2016-10-30 21:00:00,5,7,12
2016-10-30 22:00:00,9,3,12
2016-10-30 23:00:00,9,5,14
2016-10-31 00:00:00,0,1,1
2016-10-31 01:00:00,1,1,2
2016-10-31 02:00:00,3,3,6
2016-10-31 03:00:00,0,1,1
2016-10-31 04:00:00,0,2,2
2016-10-31 05:00:00,1,4,5
2016-10-31 06:00:00,0,8,8
2016-10-31 07:00:00,1,21,22
2016-10-31 08:00:00,6,31,37
2016-10-31 09:00:00,4,24,28
2016-10-31 10:00:00,4,13,17
2016-10-31 11:00:00,3,14,17
2016-10-31 12:00:00,16,24,40
2016-10-31 13:00:00,15,21,36
2016-10-31 14:00:00,5,19,24
2016-10-31 15:00:00,10,27,37
2016-10-31 16:00:00,17,33,50
2016-10-31 17:00:00,11,51,62
2016-10-31 18:00:00,7,32,39
2016-10-31 19:00:00,6,26,32
2016-10-31 20:00:00,4,13,17
2016-10-31 21:00:00,3,6,9
2016-10-31 22:00:00,8,7,15
2016-10-31 23:00:00,6,7,13
2016-11-01 00:00:00,6,5,11
2016-11-01 01:00:00,0,2,2
2016-11-01 02:00:00,2,1,3
2016-11-01 03:00:00,0,2,2
2016-11-01 04:00:00,0,1,1
2016-11-01 05:00:00,0,3,3
2016-11-01 06:00:00,2,6,8
2016-11-01 07:00:00,1,23,24
2016-11-01 08:00:00,2,49,51
2016-11-01 09:00:00,2,28,30
2016-11-01 10:00:00,5,12,17
2016-11-01 11:00:00,7,25,32
2016-11-01 12:00:00,13,31,44
2016-11-01 13:00:00,5,25,30
2016-11-01 14:00:00,19,22,41
2016-11-01 15:00:00,9,24,33
2016-11-01 16:00:00,10,32,42
2016-11-01 17:00:00,8,40,48
2016-11-01 18:00:00,10,40,50
2016-11-01 19:00:00,8,18,26
2016-11-01 20:00:00,6,16,22
2016-11-01 21:00:00,4,11,15
2016-11-01 22:00:00,6,9,15
2016-11-01 23:00:00,0,8,8
2016-11-02 00:00:00,0,5,5
2016-11-02 01:00:00,2,2,4
2016-11-02 02:00:00,0,3,3
2016-11-02 03:00:00,0,1,1
2016-11-02 04:00:00,0,1,1
2016-11-02 05:00:00,0,4,4
2016-11-02 06:00:00,0,8,8
2016-11-02 07:00:00,4,31,35
2016-11-02 08:00:00,5,37,42
2016-11-02 09:00:00,3,23,26
2016-11-02 10:00:00,8,19,27
2016-11-02 11:00:00,10,22,32
2016-11-02 12:00:00,3,44,47
2016-11-02 13:00:00,8,37,45
2016-11-02 14:00:00,6,30,36
2016-11-02 15:00:00,8,20,28
2016-11-02 16:00:00,7,39,46
2016-11-02 17:00:00,14,55,69
2016-11-02 18:00:00,10,32,42
2016-11-02 19:00:00,4,33,37
2016-11-02 20:00:00,8,25,33
2016-11-02 21:00:00,18,14,32
2016-11-02 22:00:00,2,19,21
2016-11-02 23:00:00,0,11,11
2016-11-03 00:00:00,0,6,6
2016-11-03 01:00:00,5,3,8
2016-11-03 02:00:00,0,1,1
2016-11-03 04:00:00,0,1,1
2016-11-03 05:00:00,1,5,6
2016-11-03 06:00:00,2,6,8
2016-11-03 07:00:00,1,33,34
2016-11-03 08:00:00,0,40,40
2016-11-03 09:00:00,5,30,35
2016-11-03 10:00:00,4,18,22
2016-11-03 11:00:00,2,20,22
2016-11-03 12:00:00,12,37,49
2016-11-03 13:00:00,8,29,37
2016-11-03 14:00:00,4,30,34
2016-11-03 15:00:00,5,24,29
2016-11-03 16:00:00,8,39,47
2016-11-03 17:00:00,10,42,52
2016-11-03 18:00:00,4,34,38
2016-11-03 19:00:00,8,31,39
2016-11-03 20:00:00,12,20,32
2016-11-03 21:00:00,8,14,22
2016-11-03 22:00:00,14,15,29
2016-11-03 23:00:00,0,8,8
2016-11-04 00:00:00,4,3,7
2016-11-04 01:00:00,0,2,2
2016-11-04 02:00:00,0,5,5
2016-11-04 03:00:00,1,3,4
2016-11-04 04:00:00,0,3,3
2016-11-04 05:00:00,1,7,8
2016-11-04 06:00:00,1,11,12
2016-11-04 07:00:00,2,28,30
2016-11-04 08:00:00,2,43,45
2016-11-04 09:00:00,3,28,31
2016-11-04 10:00:00,6,21,27
2016-11-04 11:00:00,15,23,38
2016-11-04 12:00:00,23,24,47
2016-11-04 13:00:00,11,31,42
2016-11-04 14:00:00,22,26,48
2016-11-04 15:00:00,9,28,37
2016-11-04 16:00:00,15,41,56
2016-11-04 17:00:00,12,44,56
2016-11-04 18:00:00,7,43,50
2016-11-04 19:00:00,6,24,30
2016-11-04 20:00:00,8,13,21
2016-11-04 21:00:00,8,7,15
2016-11-04 22:00:00,14,3,17
2016-11-04 23:00:00,8,4,12
2016-11-05 00:00:00,11,4,15
2016-11-05 01:00:00,6,1,7
2016-11-05 03:00:00,2,0,2
2016-11-05 04:00:00,0,3,3
2016-11-05 05:00:00,0,3,3
2016-11-05 06:00:00,1,1,2
2016-11-05 07:00:00,1,4,5
2016-11-05 08:00:00,3,13,16
2016-11-05 09:00:00,11,15,26
2016-11-05 10:00:00,11,19,30
2016-11-05 11:00:00,7,20,27
2016-11-05 12:00:00,5,17,22
2016-11-05 13:00:00,12,33,45
2016-11-05 14:00:00,15,28,43
2016-11-05 15:00:00,14,23,37
2016-11-05 16:00:00,23,23,46
2016-11-05 17:00:00,21,22,43
2016-11-05 18:00:00,11,14,25
2016-11-05 19:00:00,9,9,18
2016-11-05 20:00:00,10,15,25
2016-11-05 21:00:00,6,11,17
2016-11-05 22:00:00,6,17,23
2016-11-05 23:00:00,7,9,16
2016-11-06 00:00:00,6,4,10
2016-11-06 01:00:00,13,2,15
2016-11-06 02:00:00,1,3,4
2016-11-06 05:00:00,0,1,1
2016-11-06 06:00:00,2,4,6
2016-11-06 07:00:00,5,7,12
2016-11-06 08:00:00,4,4,8
2016-11-06 09:00:00,6,10,16
2016-11-06 10:00:00,23,22,45
2016-11-06 11:00:00,21,25,46
2016-11-06 12:00:00,25,19,44
2016-11-06 13:00:00,29,28,57
2016-11-06 14:00:00,23,25,48
2016-11-06 15:00:00,36,22,58
2016-11-06 16:00:00,27,17,44
2016-11-06 17:00:00,5,12,17
2016-11-06 18:00:00,2,17,19
2016-11-06 19:00:00,7,15,22
2016-11-06 20:00:00,1,11,12
2016-11-06 21:00:00,6,10,16
2016-11-06 22:00:00,7,10,17
2016-11-06 23:00:00,3,5,8
2016-11-07 00:00:00,1,3,4
2016-11-07 01:00:00,1,1,2
2016-11-07 02:00:00,2,0,2
2016-11-07 03:00:00,1,1,2
2016-11-07 04:00:00,0,1,1
2016-11-07 05:00:00,0,5,5
2016-11-07 06:00:00,1,9,10
2016-11-07 07:00:00,1,32,33
2016-11-07 08:00:00,3,36,39
2016-11-07 09:00:00,0,27,27
2016-11-07 10:00:00,5,25,30
2016-11-07 11:00:00,11,20,31
2016-11-07 12:00:00,9,19,28
2016-11-07 13:00:00,10,20,30
2016-11-07 14:00:00,4,16,20
2016-11-07 15:00:00,9,20,29
2016-11-07 16:00:00,8,38,46
2016-11-07 17:00:00,3,43,46
2016-11-07 18:00:00,9,30,39
2016-11-07 19:00:00,10,28,38
2016-11-07 20:00:00,2,17,19
2016-11-07 21:00:00,2,10,12
2016-11-07 22:00:00,4,4,8
2016-11-07 23:00:00,3,6,9
2016-11-08 00:00:00,1,4,5
2016-11-08 01:00:00,0,4,4
2016-11-08 02:00:00,1,6,7
2016-11-08 03:00:00,0,1,1
2016-11-08 04:00:00,0,1,1
2016-11-08 05:00:00,0,3,3
2016-11-08 06:00:00,0,4,4
2016-11-08 07:00:00,0,31,31
2016-11-08 08:00:00,3,31,34
2016-11-08 09:00:00,1,31,32
2016-11-08 10:00:00,1,20,21
2016-11-08 11:00:00,6,18,24
2016-11-08 12:00:00,3,20,23
2016-11-08 13:00:00,7,37,44
2016-11-08 14:00:00,9,30,39
2016-11-08 15:00:00,8,23,31
2016-11-08 16:00:00,7,39,46
2016-11-08 17:00:00,4,43,47
2016-11-08 18:00:00,12,48,60
2016-11-08 19:00:00,1,32,33
2016-11-08 20:00:00,6,11,17
2016-11-08 21:00:00,8,17,25
2016-11-08 22:00:00,6,5,11
2016-11-08 23:00:00,2,9,11
2016-11-09 00:00:00,1,1,2
2016-11-09 01:00:00,0,2,2
2016-11-09 02:00:00,0,3,3
2016-11-09 03:00:00,0,2,2
2016-11-09 04:00:00,0,1,1
2016-11-09 05:00:00,0,3,3
2016-11-09 06:00:00,1,7,8
2016-11-09 07:00:00,3,26,29
2016-11-09 08:00:00,4,39,43
2016-11-09 09:00:00,0,17,17
2016-11-09 10:00:00,3,17,20
2016-11-09 11:00:00,6,28,34
2016-11-09 12:00:00,10,34,44
2016-11-09 13:00:00,8,23,31
2016-11-09 14:00:00,2,19,21
2016-11-09 15:00:00,10,16,26
2016-11-09 16:00:00,5,35,40
2016-11-09 17:00:00,5,35,40
2016-11-09 18:00:00,5,26,31
2016-11-09 19:00:00,7,17,24
2016-11-09 20:00:00,8,27,35
2016-11-09 21:00:00,8,23,31
2016-11-09 22:00:00,17,15,32
2016-11-09 23:00:00,9,10,19
2016-11-10 00:00:00,10,4,14
2016-11-10 01:00:00,2,8,10
2016-11-10 02:00:00,0,6,6
2016-11-10 04:00:00,1,2,3
2016-11-10 05:00:00,1,5,6
2016-11-10 06:00:00,2,8,10
2016-11-10 07:00:00,2,39,41
2016-11-10 08:00:00,2,31,33
2016-11-10 09:00:00,1,26,27
2016-11-10 10:00:00,4,16,20
2016-11-10 11:00:00,11,16,27
2016-11-10 12:00:00,19,27,46
2016-11-10 13:00:00,3,19,22
2016-11-10 14:00:00,6,12,18
2016-11-10 15:00:00,8,21,29
2016-11-10 16:00:00,8,45,53
2016-11-10 17:00:00,9,47,56
2016-11-10 18:00:00,10,32,42
2016-11-10 19:00:00,3,25,28
2016-11-10 20:00:00,13,20,33
2016-11-10 21:00:00,19,13,32
2016-11-10 22:00:00,18,10,28
2016-11-10 23:00:00,21,4,25
2016-11-11 00:00:00,18,3,21
2016-11-11 01:00:00,11,5,16
2016-11-11 02:00:00,1,2,3
2016-11-11 03:00:00,4,2,6
2016-11-11 04:00:00,1,3,4
2016-11-11 05:00:00,0,1,1
2016-11-11 06:00:00,2,6,8
2016-11-11 07:00:00,3,15,18
2016-11-11 08:00:00,4,31,35
2016-11-11 09:00:00,2,23,25
2016-11-11 10:00:00,7,12,19
2016-11-11 11:00:00,2,10,12
2016-11-11 12:00:00,9,28,37
2016-11-11 13:00:00,15,18,33
2016-11-11 14:00:00,9,12,21
2016-11-11 15:00:00,13,15,28
2016-11-11 16:00:00,14,28,42
2016-11-11 17:00:00,13,36,49
2016-11-11 18:00:00,14,26,40
2016-11-11 19:00:00,18,17,35
2016-11-11 20:00:00,19,14,33
2016-11-11 21:00:00,21,9,30
2016-11-11 22:00:00,4,13,17
2016-11-11 23:00:00,7,9,16
2016-11-12 00:00:00,9,5,14
2016-11-12 01:00:00,8,3,11
2016-11-12 02:00:00,4,3,7
2016-11-12 03:00:00,10,4,14
2016-11-12 04:00:00,0,1,1
2016-11-12 06:00:00,1,0,1
2016-11-12 07:00:00,0,10,10
2016-11-12 08:00:00,4,8,12
2016-11-12 09:00:00,7,9,16
2016-11-12 10:00:00,10,16,26
2016-11-12 11:00:00,14,20,34
2016-11-12 12:00:00,43,27,70
2016-11-12 13:00:00,62,22,84
2016-11-12 14:00:00,34,23,57
2016-11-12 15:00:00,23,17,40
2016-11-12 16:00:00,19,22,41
2016-11-12 17:00:00,15,21,36
2016-11-12 18:00:00,20,12,32
2016-11-12 19:00:00,9,23,32
2016-11-12 20:00:00,9,15,24
2016-11-12 21:00:00,17,15,32
2016-11-12 22:00:00,18,8,26
2016-11-12 23:00:00,25,6,31
2016-11-13 00:00:00,7,7,14
2016-11-13 01:00:00,11,4,15
2016-11-13 02:00:00,5,1,6
2016-11-13 03:00:00,2,4,6
2016-11-13 07:00:00,2,8,10
2016-11-13 08:00:00,1,2,3
2016-11-13 09:00:00,9,9,18
2016-11-13 10:00:00,14,7,21
2016-11-13 11:00:00,18,21,39
2016-11-13 12:00:00,15,20,35
2016-11-13 13:00:00,8,22,30
2016-11-13 14:00:00,19,11,30
2016-11-13 15:00:00,11,17,28
2016-11-13 16:00:00,26,21,47
2016-11-13 17:00:00,16,17,33
2016-11-13 18:00:00,7,20,27
2016-11-13 19:00:00,5,10,15
2016-11-13 20:00:00,5,13,18
2016-11-13 21:00:00,3,3,6
2016-11-13 22:00:00,0,9,9
2016-11-13 23:00:00,6,4,10
2016-11-14 00:00:00,0,1,1
2016-11-14 01:00:00,5,2,7
2016-11-14 02:00:00,1,3,4
2016-11-14 03:00:00,1,2,3
2016-11-14 04:00:00,0,3,3
2016-11-14 05:00:00,0,2,2
2016-11-14 06:00:00,3,10,13
2016-11-14 07:00:00,1,30,31
2016-11-14 08:00:00,4,39,43
2016-11-14 09:00:00,5,19,24
2016-11-14 10:00:00,4,6,10
2016-11-14 11:00:00,3,23,26
2016-11-14 12:00:00,11,25,36
2016-11-14 13:00:00,5,27,32
2016-11-14 14:00:00,10,21,31
2016-11-14 15:00:00,13,23,36
2016-11-14 16:00:00,12,24,36
2016-11-14 17:00:00,13,45,58
2016-11-14 18:00:00,8,40,48
2016-11-14 19:00:00,5,38,43
2016-11-14 20:00:00,8,25,33
2016-11-14 21:00:00,9,15,24
2016-11-14 22:00:00,8,11,19
2016-11-14 23:00:00,7,8,15
2016-11-15 00:00:00,1,5,6
2016-11-15 01:00:00,0,1,1
2016-11-15 02:00:00,0,2,2
2016-11-15 03:00:00,1,0,1
2016-11-15 04:00:00,0,1,1
2016-11-15 05:00:00,0,3,3
2016-11-15 06:00:00,1,7,8
2016-11-15 07:00:00,3,27,30
2016-11-15 08:00:00,4,40,44
2016-11-15 09:00:00,1,24,25
2016-11-15 10:00:00,1,17,18
2016-11-15 11:00:00,5,17,22
2016-11-15 12:00:00,6,21,27
2016-11-15 13:00:00,8,22,30
2016-11-15 14:00:00,8,13,21
2016-11-15 15:00:00,10,17,27
2016-11-15 16:00:00,3,32,35
2016-11-15 17:00:00,12,50,62
2016-11-15 18:00:00,2,32,34
2016-11-15 19:00:00,4,24,28
2016-11-15 20:00:00,8,13,21
2016-11-15 21:00:00,1,3,4
2016-11-15 22:00:00,2,4,6
2016-11-15 23:00:00,5,7,12
2016-11-16 00:00:00,0,3,3
2016-11-16 01:00:00,0,1,1
2016-11-16 02:00:00,1,1,2
2016-11-16 03:00:00,0,1,1
2016-11-16 04:00:00,0,1,1
2016-11-16 05:00:00,0,5,5
2016-11-16 06:00:00,0,8,8
2016-11-16 07:00:00,1,26,27
2016-11-16 08:00:00,2,35,37
2016-11-16 09:00:00,1,22,23
2016-11-16 10:00:00,6,21,27
2016-11-16 11:00:00,5,26,31
2016-11-16 12:00:00,16,22,38
2016-11-16 13:00:00,6,24,30
2016-11-16 14:00:00,14,17,31
2016-11-16 15:00:00,8,12,20
2016-11-16 16:00:00,11,36,47
2016-11-16 17:00:00,4,48,52
2016-11-16 18:00:00,12,36,48
2016-11-16 19:00:00,8,25,33
2016-11-16 20:00:00,1,19,20
2016-11-16 21:00:00,8,12,20
2016-11-16 22:00:00,4,8,12
2016-11-16 23:00:00,7,6,13
2016-11-17 00:00:00,0,2,2
2016-11-17 01:00:00,1,4,5
2016-11-17 02:00:00,1,3,4
2016-11-17 04:00:00,0,1,1
2016-11-17 05:00:00,0,3,3
2016-11-17 06:00:00,0,8,8
2016-11-17 07:00:00,4,26,30
2016-11-17 08:00:00,4,44,48
2016-11-17 09:00:00,2,25,27
2016-11-17 10:00:00,5,15,20
2016-11-17 11:00:00,7,16,23
2016-11-17 12:00:00,12,26,38
2016-11-17 13:00:00,11,25,36
2016-11-17 14:00:00,8,16,24
2016-11-17 15:00:00,14,24,38
2016-11-17 16:00:00,4,36,40
2016-11-17 17:00:00,8,45,53
2016-11-17 18:00:00,8,44,52
2016-11-17 19:00:00,4,28,32
2016-11-17 20:00:00,8,14,22
2016-11-17 21:00:00,6,14,20
2016-11-17 22:00:00,4,9,13
2016-11-17 23:00:00,6,5,11
2016-11-18 00:00:00,2,9,11
2016-11-18 01:00:00,2,3,5
2016-11-18 02:00:00,3,2,5
2016-11-18 03:00:00,0,1,1
2016-11-18 04:00:00,0,1,1
2016-11-18 05:00:00,1,1,2
2016-11-18 06:00:00,0,6,6
2016-11-18 07:00:00,1,29,30
2016-11-18 08:00:00,7,34,41
2016-11-18 09:00:00,4,21,25
2016-11-18 10:00:00,4,15,19
2016-11-18 11:00:00,8,14,22
2016-11-18 12:00:00,10,20,30
2016-11-18 13:00:00,13,36,49
2016-11-18 14:00:00,6,16,22
2016-11-18 15:00:00,17,24,41
2016-11-18 16:00:00,11,35,46
2016-11-18 17:00:00,7,40,47
2016-11-18 18:00:00,12,29,41
2016-11-18 19:00:00,4,26,30
2016-11-18 20:00:00,6,22,28
2016-11-18 21:00:00,8,8,16
2016-11-18 22:00:00,3,11,14
2016-11-18 23:00:00,6,9,15
2016-11-19 00:00:00,7,3,10
2016-11-19 01:00:00,2,3,5
2016-11-19 02:00:00,1,2,3
2016-11-19 03:00:00,0,3,3
2016-11-19 04:00:00,0,2,2
2016-11-19 06:00:00,1,2,3
2016-11-19 07:00:00,2,6,8
2016-11-19 08:00:00,3,4,7
2016-11-19 09:00:00,15,14,29
2016-11-19 10:00:00,4,14,18
2016-11-19 11:00:00,6,16,22
2016-11-19 12:00:00,11,28,39
2016-11-19 13:00:00,26,22,48
2016-11-19 14:00:00,25,18,43
2016-11-19 15:00:00,39,23,62
2016-11-19 16:00:00,29,15,44
2016-11-19 17:00:00,9,18,27
2016-11-19 18:00:00,9,20,29
2016-11-19 19:00:00,14,13,27
2016-11-19 20:00:00,4,18,22
2016-11-19 21:00:00,11,10,21
2016-11-19 22:00:00,6,14,20
2016-11-19 23:00:00,8,5,13
2016-11-20 00:00:00,6,4,10
2016-11-20 01:00:00,4,1,5
2016-11-20 02:00:00,9,4,13
2016-11-20 03:00:00,1,2,3
2016-11-20 04:00:00,1,1,2
2016-11-20 05:00:00,2,0,2
2016-11-20 06:00:00,1,1,2
2016-11-20 07:00:00,2,0,2
2016-11-20 08:00:00,5,3,8
2016-11-20 09:00:00,4,8,12
2016-11-20 10:00:00,7,14,21
2016-11-20 11:00:00,8,8,16
2016-11-20 12:00:00,6,17,23
2016-11-20 13:00:00,3,15,18
2016-11-20 14:00:00,0,14,14
2016-11-20 15:00:00,11,4,15
2016-11-20 16:00:00,2,5,7
2016-11-20 17:00:00,3,3,6
2016-11-20 18:00:00,0,3,3
2016-11-20 19:00:00,1,5,6
2016-11-20 20:00:00,6,9,15
2016-11-20 21:00:00,0,1,1
2016-11-20 22:00:00,0,1,1
2016-11-20 23:00:00,0,3,3
2016-11-21 00:00:00,2,0,2
2016-11-21 01:00:00,0,1,1
2016-11-21 02:00:00,0,1,1
2016-11-21 03:00:00,0,1,1
2016-11-21 04:00:00,1,1,2
2016-11-21 05:00:00,0,1,1
2016-11-21 06:00:00,0,5,5
2016-11-21 07:00:00,1,16,17
2016-11-21 08:00:00,2,30,32
2016-11-21 09:00:00,5,18,23
2016-11-21 10:00:00,1,9,10
2016-11-21 11:00:00,5,21,26
2016-11-21 12:00:00,9,19,28
2016-11-21 13:00:00,9,26,35
2016-11-21 14:00:00,20,21,41
2016-11-21 15:00:00,6,13,19
2016-11-21 16:00:00,3,33,36
2016-11-21 17:00:00,5,44,49
2016-11-21 18:00:00,8,36,44
2016-11-21 19:00:00,2,18,20
2016-11-21 20:00:00,3,18,21
2016-11-21 21:00:00,2,11,13
2016-11-21 22:00:00,2,5,7
2016-11-21 23:00:00,0,7,7
2016-11-22 00:00:00,4,2,6
2016-11-22 01:00:00,2,3,5
2016-11-22 02:00:00,0,1,1
2016-11-22 03:00:00,0,1,1
2016-11-22 04:00:00,0,4,4
2016-11-22 05:00:00,0,2,2
2016-11-22 06:00:00,0,8,8
2016-11-22 07:00:00,1,27,28
2016-11-22 08:00:00,2,41,43
2016-11-22 09:00:00,3,25,28
2016-11-22 10:00:00,4,11,15
2016-11-22 11:00:00,5,7,12
2016-11-22 12:00:00,9,22,31
2016-11-22 13:00:00,8,25,33
2016-11-22 14:00:00,3,22,25
2016-11-22 15:00:00,5,28,33
2016-11-22 16:00:00,6,25,31
2016-11-22 17:00:00,9,35,44
2016-11-22 18:00:00,7,24,31
2016-11-22 19:00:00,4,23,27
2016-11-22 20:00:00,16,20,36
2016-11-22 21:00:00,11,22,33
2016-11-22 22:00:00,7,9,16
2016-11-22 23:00:00,2,5,7
2016-11-23 00:00:00,6,1,7
2016-11-23 01:00:00,2,1,3
2016-11-23 02:00:00,1,1,2
2016-11-23 03:00:00,0,1,1
2016-11-23 04:00:00,0,3,3
2016-11-23 05:00:00,2,4,6
2016-11-23 06:00:00,0,4,4
2016-11-23 07:00:00,1,18,19
2016-11-23 08:00:00,1,37,38
2016-11-23 09:00:00,2,20,22
2016-11-23 10:00:00,8,19,27
2016-11-23 11:00:00,5,20,25
2016-11-23 12:00:00,10,25,35
2016-11-23 13:00:00,8,25,33
2016-11-23 14:00:00,9,25,34
2016-11-23 15:00:00,6,23,29
2016-11-23 16:00:00,6,30,36
2016-11-23 17:00:00,3,32,35
2016-11-23 18:00:00,4,30,34
2016-11-23 19:00:00,7,8,15
2016-11-23 20:00:00,5,7,12
2016-11-23 21:00:00,6,8,14
2016-11-23 22:00:00,7,5,12
2016-11-23 23:00:00,2,3,5
2016-11-24 00:00:00,0,5,5
2016-11-24 01:00:00,5,1,6
2016-11-24 02:00:00,2,2,4
2016-11-24 03:00:00,2,2,4
2016-11-24 04:00:00,0,1,1
2016-11-24 05:00:00,0,1,1
2016-11-24 06:00:00,0,2,2
2016-11-24 07:00:00,0,2,2
2016-11-24 08:00:00,1,6,7
2016-11-24 09:00:00,5,15,20
2016-11-24 10:00:00,17,25,42
2016-11-24 11:00:00,13,10,23
2016-11-24 12:00:00,23,13,36
2016-11-24 13:00:00,6,9,15
2016-11-24 14:00:00,11,10,21
2016-11-24 15:00:00,3,5,8
2016-11-24 16:00:00,1,1,2
2016-11-24 17:00:00,2,6,8
2016-11-24 18:00:00,4,2,6
2016-11-24 19:00:00,3,4,7
2016-11-24 20:00:00,9,5,14
2016-11-24 21:00:00,4,2,6
2016-11-24 22:00:00,4,1,5
2016-11-24 23:00:00,2,4,6
2016-11-25 00:00:00,0,3,3
2016-11-25 02:00:00,2,0,2
2016-11-25 05:00:00,0,1,1
2016-11-25 06:00:00,0,1,1
2016-11-25 07:00:00,1,5,6
2016-11-25 08:00:00,0,8,8
2016-11-25 10:00:00,11,9,20
2016-11-25 11:00:00,7,10,17
2016-11-25 12:00:00,22,9,31
2016-11-25 13:00:00,5,26,31
2016-11-25 14:00:00,20,13,33
2016-11-25 15:00:00,19,16,35
2016-11-25 16:00:00,20,12,32
2016-11-25 17:00:00,9,15,24
2016-11-25 18:00:00,9,6,15
2016-11-25 19:00:00,8,11,19
2016-11-25 20:00:00,4,4,8
2016-11-25 21:00:00,5,4,9
2016-11-25 22:00:00,13,8,21
2016-11-25 23:00:00,2,3,5
2016-11-26 00:00:00,1,0,1
2016-11-26 01:00:00,3,4,7
2016-11-26 02:00:00,1,0,1
2016-11-26 03:00:00,0,4,4
2016-11-26 07:00:00,0,5,5
2016-11-26 08:00:00,1,5,6
2016-11-26 09:00:00,13,14,27
2016-11-26 10:00:00,11,6,17
2016-11-26 11:00:00,3,16,19
2016-11-26 12:00:00,6,14,20
2016-11-26 13:00:00,9,13,22
2016-11-26 14:00:00,0,4,4
2016-11-26 15:00:00,6,9,15
2016-11-26 16:00:00,8,11,19
2016-11-26 17:00:00,1,9,10
2016-11-26 18:00:00,7,12,19
2016-11-26 19:00:00,0,9,9
2016-11-26 20:00:00,1,3,4
2016-11-26 21:00:00,9,0,9
2016-11-26 22:00:00,3,5,8
2016-11-26 23:00:00,3,7,10
2016-11-27 00:00:00,0,1,1
2016-11-27 01:00:00,0,2,2
2016-11-27 02:00:00,5,0,5
2016-11-27 03:00:00,0,2,2
2016-11-27 04:00:00,0,1,1
2016-11-27 08:00:00,0,1,1
2016-11-27 09:00:00,2,3,5
2016-11-27 10:00:00,10,11,21
2016-11-27 11:00:00,6,19,25
2016-11-27 12:00:00,9,12,21
2016-11-27 13:00:00,13,18,31
2016-11-27 14:00:00,13,21,34
2016-11-27 15:00:00,5,18,23
2016-11-27 16:00:00,3,11,14
2016-11-27 17:00:00,8,20,28
2016-11-27 18:00:00,11,13,24
2016-11-27 19:00:00,8,8,16
2016-11-27 20:00:00,5,6,11
2016-11-27 21:00:00,7,4,11
2016-11-27 22:00:00,2,11,13
2016-11-27 23:00:00,0,3,3
2016-11-28 00:00:00,2,0,2
2016-11-28 01:00:00,0,2,2
2016-11-28 02:00:00,0,1,1
2016-11-28 03:00:00,0,2,2
2016-11-28 04:00:00,0,1,1
2016-11-28 05:00:00,0,2,2
2016-11-28 06:00:00,0,10,10
2016-11-28 07:00:00,1,21,22
2016-11-28 08:00:00,2,31,33
2016-11-28 09:00:00,2,24,26
2016-11-28 10:00:00,5,10,15
2016-11-28 11:00:00,2,20,22
2016-11-28 12:00:00,6,15,21
2016-11-28 13:00:00,5,12,17
2016-11-28 14:00:00,11,8,19
2016-11-28 15:00:00,5,13,18
2016-11-28 16:00:00,6,21,27
2016-11-28 17:00:00,2,36,38
2016-11-28 18:00:00,1,27,28
2016-11-28 19:00:00,1,19,20
2016-11-28 20:00:00,1,9,10
2016-11-28 21:00:00,2,7,9
2016-11-28 22:00:00,2,6,8
2016-11-28 23:00:00,2,5,7
2016-11-29 00:00:00,1,3,4
2016-11-29 01:00:00,2,0,2
2016-11-29 03:00:00,0,2,2
2016-11-29 04:00:00,0,1,1
2016-11-29 05:00:00,0,4,4
2016-11-29 06:00:00,1,5,6
2016-11-29 07:00:00,2,19,21
2016-11-29 08:00:00,2,35,37
2016-11-29 09:00:00,1,26,27
2016-11-29 10:00:00,9,17,26
2016-11-29 11:00:00,7,13,20
2016-11-29 12:00:00,4,18,22
2016-11-29 13:00:00,6,25,31
2016-11-29 14:00:00,3,16,19
2016-11-29 15:00:00,8,23,31
2016-11-29 16:00:00,7,22,29
2016-11-29 17:00:00,1,33,34
2016-11-29 18:00:00,4,41,45
2016-11-29 19:00:00,3,17,20
2016-11-29 20:00:00,1,27,28
2016-11-29 21:00:00,2,15,17
2016-11-29 22:00:00,1,10,11
2016-11-29 23:00:00,0,3,3
2016-11-30 00:00:00,1,4,5
2016-11-30 01:00:00,0,2,2
2016-11-30 02:00:00,1,1,2
2016-11-30 03:00:00,0,1,1
2016-11-30 04:00:00,0,3,3
2016-11-30 05:00:00,1,4,5
2016-11-30 06:00:00,1,8,9
2016-11-30 07:00:00,2,29,31
2016-11-30 08:00:00,2,35,37
2016-11-30 09:00:00,0,23,23
2016-11-30 10:00:00,8,12,20
2016-11-30 11:00:00,1,20,21
2016-11-30 12:00:00,1,21,22
2016-11-30 13:00:00,4,25,29
2016-11-30 14:00:00,3,28,31
2016-11-30 15:00:00,5,22,27
2016-11-30 16:00:00,8,24,32
2016-11-30 17:00:00,2,31,33
2016-11-30 18:00:00,0,37,37
2016-11-30 19:00:00,9,21,30
2016-11-30 20:00:00,2,23,25
2016-11-30 21:00:00,2,13,15
2016-11-30 22:00:00,2,6,8
2016-11-30 23:00:00,2,12,14
2016-12-01 00:00:00,2,1,3
2016-12-01 01:00:00,0,1,1
2016-12-01 02:00:00,0,2,2
2016-12-01 03:00:00,0,1,1
2016-12-01 04:00:00,0,3,3
2016-12-01 05:00:00,0,4,4
2016-12-01 06:00:00,0,7,7
2016-12-01 07:00:00,3,23,26
2016-12-01 08:00:00,2,43,45
2016-12-01 09:00:00,3,22,25
2016-12-01 10:00:00,3,18,21
2016-12-01 11:00:00,3,18,21
2016-12-01 12:00:00,1,32,33
2016-12-01 13:00:00,3,27,30
2016-12-01 14:00:00,7,17,24
2016-12-01 15:00:00,6,20,26
2016-12-01 16:00:00,7,36,43
2016-12-01 17:00:00,6,44,50
2016-12-01 18:00:00,3,23,26
2016-12-01 19:00:00,5,28,33
2016-12-01 20:00:00,4,17,21
2016-12-01 21:00:00,6,8,14
2016-12-01 22:00:00,9,3,12
2016-12-01 23:00:00,0,5,5
2016-12-02 00:00:00,0,1,1
2016-12-02 01:00:00,0,4,4
2016-12-02 02:00:00,0,2,2
2016-12-02 04:00:00,0,1,1
2016-12-02 05:00:00,0,1,1
2016-12-02 06:00:00,0,9,9
2016-12-02 07:00:00,1,25,26
2016-12-02 08:00:00,5,22,27
2016-12-02 09:00:00,6,22,28
2016-12-02 10:00:00,6,10,16
2016-12-02 11:00:00,9,13,22
2016-12-02 12:00:00,16,30,46
2016-12-02 13:00:00,3,22,25
2016-12-02 14:00:00,4,16,20
2016-12-02 15:00:00,2,14,16
2016-12-02 16:00:00,3,27,30
2016-12-02 17:00:00,7,42,49
2016-12-02 18:00:00,4,24,28
2016-12-02 19:00:00,6,21,27
2016-12-02 20:00:00,4,17,21
2016-12-02 21:00:00,0,7,7
2016-12-02 22:00:00,6,7,13
2016-12-02 23:00:00,4,4,8
2016-12-03 00:00:00,10,3,13
2016-12-03 01:00:00,6,9,15
2016-12-03 02:00:00,2,5,7
2016-12-03 03:00:00,0,2,2
2016-12-03 04:00:00,0,1,1
2016-12-03 06:00:00,0,1,1
2016-12-03 07:00:00,4,4,8
2016-12-03 08:00:00,3,8,11
2016-12-03 09:00:00,9,11,20
2016-12-03 10:00:00,5,13,18
2016-12-03 11:00:00,12,14,26
2016-12-03 12:00:00,11,24,35
2016-12-03 13:00:00,15,17,32
2016-12-03 14:00:00,11,15,26
2016-12-03 15:00:00,22,14,36
2016-12-03 16:00:00,25,17,42
2016-12-03 17:00:00,11,19,30
2016-12-03 18:00:00,10,5,15
2016-12-03 19:00:00,7,6,13
2016-12-03 20:00:00,2,18,20
2016-12-03 21:00:00,2,6,8
2016-12-03 22:00:00,3,1,4
2016-12-03 23:00:00,0,5,5
2016-12-04 00:00:00,7,2,9
2016-12-04 01:00:00,4,1,5
2016-12-04 02:00:00,9,1,10
2016-12-04 03:00:00,1,1,2
2016-12-04 06:00:00,0,1,1
2016-12-04 08:00:00,2,1,3
2016-12-04 09:00:00,6,10,16
2016-12-04 10:00:00,2,14,16
2016-12-04 11:00:00,16,20,36
2016-12-04 12:00:00,17,16,33
2016-12-04 13:00:00,16,17,33
2016-12-04 14:00:00,14,19,33
2016-12-04 15:00:00,15,17,32
2016-12-04 16:00:00,17,18,35
2016-12-04 17:00:00,12,19,31
2016-12-04 18:00:00,8,10,18
2016-12-04 19:00:00,2,2,4
2016-12-04 20:00:00,8,3,11
2016-12-04 21:00:00,0,5,5
2016-12-04 22:00:00,0,8,8
2016-12-04 23:00:00,0,8,8
2016-12-05 00:00:00,2,1,3
2016-12-05 01:00:00,0,5,5
2016-12-05 02:00:00,0,1,1
2016-12-05 03:00:00,0,1,1
2016-12-05 04:00:00,0,1,1
2016-12-05 05:00:00,0,2,2
2016-12-05 06:00:00,0,6,6
2016-12-05 07:00:00,2,19,21
2016-12-05 08:00:00,2,23,25
2016-12-05 09:00:00,1,15,16
2016-12-05 10:00:00,6,11,17
2016-12-05 11:00:00,3,14,17
2016-12-05 12:00:00,2,29,31
2016-12-05 13:00:00,3,24,27
2016-12-05 14:00:00,13,10,23
2016-12-05 15:00:00,4,8,12
2016-12-05 16:00:00,9,25,34
2016-12-05 17:00:00,1,43,44
2016-12-05 18:00:00,2,21,23
2016-12-05 19:00:00,5,19,24
2016-12-05 20:00:00,2,11,13
2016-12-05 21:00:00,3,3,6
2016-12-05 22:00:00,2,8,10
2016-12-05 23:00:00,1,7,8
2016-12-06 00:00:00,2,0,2
2016-12-06 01:00:00,1,0,1
2016-12-06 02:00:00,0,2,2
2016-12-06 04:00:00,0,1,1
2016-12-06 05:00:00,1,2,3
2016-12-06 06:00:00,0,6,6
2016-12-06 07:00:00,0,16,16
2016-12-06 08:00:00,3,37,40
2016-12-06 09:00:00,2,28,30
2016-12-06 10:00:00,1,9,10
2016-12-06 11:00:00,5,15,20
2016-12-06 12:00:00,3,26,29
2016-12-06 13:00:00,2,32,34
2016-12-06 14:00:00,4,26,30
2016-12-06 15:00:00,5,20,25
2016-12-06 16:00:00,3,29,32
2016-12-06 17:00:00,6,28,34
2016-12-06 18:00:00,4,39,43
2016-12-06 19:00:00,2,27,29
2016-12-06 20:00:00,1,17,18
2016-12-06 21:00:00,2,4,6
2016-12-06 22:00:00,2,7,9
2016-12-06 23:00:00,3,5,8
2016-12-07 00:00:00,1,2,3
2016-12-07 02:00:00,0,1,1
2016-12-07 03:00:00,1,1,2
2016-12-07 04:00:00,0,1,1
2016-12-07 05:00:00,0,3,3
2016-12-07 06:00:00,0,6,6
2016-12-07 07:00:00,0,27,27
2016-12-07 08:00:00,3,40,43
2016-12-07 09:00:00,2,26,28
2016-12-07 10:00:00,0,18,18
2016-12-07 11:00:00,2,22,24
2016-12-07 12:00:00,6,27,33
2016-12-07 13:00:00,4,28,32
2016-12-07 14:00:00,2,18,20
2016-12-07 15:00:00,3,23,26
2016-12-07 16:00:00,4,25,29
2016-12-07 17:00:00,3,41,44
2016-12-07 18:00:00,0,29,29
2016-12-07 19:00:00,4,15,19
2016-12-07 20:00:00,2,22,24
2016-12-07 21:00:00,5,12,17
2016-12-07 22:00:00,5,10,15
2016-12-07 23:00:00,2,1,3
2016-12-08 01:00:00,1,2,3
2016-12-08 02:00:00,2,2,4
2016-12-08 03:00:00,1,2,3
2016-12-08 04:00:00,0,1,1
2016-12-08 05:00:00,0,1,1
2016-12-08 06:00:00,1,3,4
2016-12-08 07:00:00,2,23,25
2016-12-08 08:00:00,4,29,33
2016-12-08 09:00:00,3,25,28
2016-12-08 10:00:00,4,10,14
2016-12-08 11:00:00,1,26,27
2016-12-08 12:00:00,10,32,42
2016-12-08 13:00:00,7,27,34
2016-12-08 14:00:00,4,23,27
2016-12-08 15:00:00,4,22,26
2016-12-08 16:00:00,14,34,48
2016-12-08 17:00:00,11,45,56
2016-12-08 18:00:00,1,30,31
2016-12-08 19:00:00,5,20,25
2016-12-08 20:00:00,4,12,16
2016-12-08 21:00:00,4,8,12
2016-12-08 22:00:00,10,17,27
2016-12-08 23:00:00,1,4,5
2016-12-09 00:00:00,4,4,8
2016-12-09 01:00:00,1,7,8
2016-12-09 02:00:00,3,1,4
2016-12-09 03:00:00,0,1,1
2016-12-09 04:00:00,0,1,1
2016-12-09 05:00:00,0,1,1
2016-12-09 06:00:00,1,2,3
2016-12-09 07:00:00,0,16,16
2016-12-09 08:00:00,3,35,38
2016-12-09 09:00:00,4,23,27
2016-12-09 10:00:00,4,13,17
2016-12-09 11:00:00,4,21,25
2016-12-09 12:00:00,5,31,36
2016-12-09 13:00:00,8,24,32
2016-12-09 14:00:00,2,20,22
2016-12-09 15:00:00,3,12,15
2016-12-09 16:00:00,4,32,36
2016-12-09 17:00:00,13,23,36
2016-12-09 18:00:00,2,24,26
2016-12-09 19:00:00,9,18,27
2016-12-09 20:00:00,7,9,16
2016-12-09 21:00:00,9,14,23
2016-12-09 22:00:00,12,7,19
2016-12-09 23:00:00,12,4,16
2016-12-10 00:00:00,3,3,6
2016-12-10 01:00:00,4,6,10
2016-12-10 02:00:00,3,1,4
2016-12-10 03:00:00,0,3,3
2016-12-10 04:00:00,0,1,1
2016-12-10 06:00:00,0,1,1
2016-12-10 07:00:00,0,2,2
2016-12-10 08:00:00,2,8,10
2016-12-10 09:00:00,8,12,20
2016-12-10 10:00:00,7,14,21
2016-12-10 11:00:00,10,20,30
2016-12-10 12:00:00,13,18,31
2016-12-10 13:00:00,21,21,42
2016-12-10 14:00:00,11,17,28
2016-12-10 15:00:00,21,12,33
2016-12-10 16:00:00,15,14,29
2016-12-10 17:00:00,3,14,17
2016-12-10 18:00:00,4,10,14
2016-12-10 19:00:00,9,13,22
2016-12-10 20:00:00,10,16,26
2016-12-10 21:00:00,11,18,29
2016-12-10 22:00:00,5,6,11
2016-12-10 23:00:00,2,8,10
2016-12-11 00:00:00,4,4,8
2016-12-11 01:00:00,4,4,8
2016-12-11 02:00:00,0,2,2
2016-12-11 03:00:00,1,1,2
2016-12-11 04:00:00,0,2,2
2016-12-11 05:00:00,0,1,1
2016-12-11 07:00:00,2,0,2
2016-12-11 08:00:00,0,4,4
2016-12-11 09:00:00,2,8,10
2016-12-11 10:00:00,6,10,16
2016-12-11 11:00:00,7,13,20
2016-12-11 12:00:00,12,17,29
2016-12-11 13:00:00,13,13,26
2016-12-11 14:00:00,16,15,31
2016-12-11 15:00:00,17,16,33
2016-12-11 16:00:00,14,16,30
2016-12-11 17:00:00,7,11,18
2016-12-11 18:00:00,1,8,9
2016-12-11 19:00:00,4,7,11
2016-12-11 20:00:00,1,6,7
2016-12-11 21:00:00,3,2,5
2016-12-11 22:00:00,5,6,11
2016-12-11 23:00:00,0,8,8
2016-12-12 01:00:00,4,2,6
2016-12-12 02:00:00,2,0,2
2016-12-12 03:00:00,3,0,3
2016-12-12 04:00:00,1,2,3
2016-12-12 05:00:00,0,4,4
2016-12-12 06:00:00,0,4,4
2016-12-12 07:00:00,0,18,18
2016-12-12 08:00:00,2,23,25
2016-12-12 09:00:00,2,21,23
2016-12-12 10:00:00,3,14,17
2016-12-12 11:00:00,7,17,24
2016-12-12 12:00:00,10,20,30
2016-12-12 13:00:00,8,15,23
2016-12-12 14:00:00,14,7,21
2016-12-12 15:00:00,12,16,28
2016-12-12 16:00:00,10,18,28
2016-12-12 17:00:00,7,32,39
2016-12-12 18:00:00,6,33,39
2016-12-12 19:00:00,5,19,24
2016-12-12 20:00:00,3,10,13
2016-12-12 21:00:00,3,8,11
2016-12-12 22:00:00,4,6,10
2016-12-12 23:00:00,0,3,3
2016-12-13 00:00:00,9,6,15
2016-12-13 02:00:00,0,1,1
2016-12-13 03:00:00,0,1,1
2016-12-13 04:00:00,0,2,2
2016-12-13 05:00:00,1,3,4
2016-12-13 06:00:00,0,4,4
2016-12-13 07:00:00,1,15,16
2016-12-13 08:00:00,0,28,28
2016-12-13 09:00:00,2,24,26
2016-12-13 10:00:00,0,20,20
2016-12-13 11:00:00,4,12,16
2016-12-13 12:00:00,9,21,30
2016-12-13 13:00:00,12,20,32
2016-12-13 14:00:00,8,13,21
2016-12-13 15:00:00,7,15,22
2016-12-13 16:00:00,2,24,26
2016-12-13 17:00:00,4,31,35
2016-12-13 18:00:00,4,28,32
2016-12-13 19:00:00,6,17,23
2016-12-13 20:00:00,0,6,6
2016-12-13 21:00:00,2,13,15
2016-12-13 22:00:00,0,10,10
2016-12-13 23:00:00,3,2,5
2016-12-14 00:00:00,1,2,3
2016-12-14 01:00:00,0,1,1
2016-12-14 02:00:00,0,1,1
2016-12-14 03:00:00,1,0,1
2016-12-14 04:00:00,1,1,2
2016-12-14 05:00:00,0,3,3
2016-12-14 06:00:00,0,8,8
2016-12-14 07:00:00,1,17,18
2016-12-14 08:00:00,2,35,37
2016-12-14 09:00:00,2,25,27
2016-12-14 10:00:00,2,18,20
2016-12-14 11:00:00,5,20,25
2016-12-14 12:00:00,3,24,27
2016-12-14 13:00:00,10,21,31
2016-12-14 14:00:00,6,18,24
2016-12-14 15:00:00,17,29,46
2016-12-14 16:00:00,3,30,33
2016-12-14 17:00:00,9,40,49
2016-12-14 18:00:00,6,23,29
2016-12-14 19:00:00,6,22,28
2016-12-14 20:00:00,1,10,11
2016-12-14 21:00:00,1,12,13
2016-12-14 22:00:00,2,6,8
2016-12-15 00:00:00,0,1,1
2016-12-15 01:00:00,2,1,3
2016-12-15 02:00:00,1,4,5
2016-12-15 03:00:00,1,0,1
2016-12-15 04:00:00,0,1,1
2016-12-15 05:00:00,0,1,1
2016-12-15 06:00:00,0,7,7
2016-12-15 07:00:00,2,22,24
2016-12-15 08:00:00,0,26,26
2016-12-15 09:00:00,6,26,32
2016-12-15 10:00:00,11,13,24
2016-12-15 11:00:00,3,20,23
2016-12-15 12:00:00,15,15,30
2016-12-15 13:00:00,8,15,23
2016-12-15 14:00:00,1,18,19
2016-12-15 15:00:00,1,16,17
2016-12-15 16:00:00,2,17,19
2016-12-15 17:00:00,5,10,15
2016-12-15 18:00:00,1,5,6
2016-12-15 19:00:00,0,3,3
2016-12-15 20:00:00,0,6,6
2016-12-15 23:00:00,0,1,1
2016-12-16 00:00:00,0,1,1
2016-12-16 01:00:00,0,1,1
2016-12-16 06:00:00,0,3,3
2016-12-16 07:00:00,0,4,4
2016-12-16 08:00:00,1,10,11
2016-12-16 09:00:00,2,10,12
2016-12-16 10:00:00,2,14,16
2016-12-16 11:00:00,4,16,20
2016-12-16 12:00:00,7,15,22
2016-12-16 13:00:00,8,13,21
2016-12-16 14:00:00,3,13,16
2016-12-16 15:00:00,6,23,29
2016-12-16 16:00:00,3,30,33
2016-12-16 17:00:00,5,28,33
2016-12-16 18:00:00,2,15,17
2016-12-16 19:00:00,3,11,14
2016-12-16 20:00:00,7,15,22
2016-12-16 21:00:00,1,9,10
2016-12-16 22:00:00,6,3,9
2016-12-16 23:00:00,5,3,8
2016-12-17 00:00:00,10,2,12
2016-12-17 01:00:00,0,2,2
2016-12-17 02:00:00,0,1,1
2016-12-17 03:00:00,0,3,3
2016-12-17 06:00:00,1,2,3
2016-12-17 07:00:00,0,2,2
2016-12-17 08:00:00,3,8,11
2016-12-17 09:00:00,1,15,16
2016-12-17 10:00:00,5,8,13
2016-12-17 11:00:00,11,15,26
2016-12-17 12:00:00,10,17,27
2016-12-17 13:00:00,28,13,41
2016-12-17 14:00:00,14,22,36
2016-12-17 15:00:00,21,14,35
2016-12-17 16:00:00,25,18,43
2016-12-17 17:00:00,8,7,15
2016-12-17 18:00:00,1,7,8
2016-12-17 19:00:00,5,15,20
2016-12-17 20:00:00,4,8,12
2016-12-17 21:00:00,2,2,4
2016-12-17 22:00:00,4,6,10
2016-12-17 23:00:00,0,7,7
2016-12-18 00:00:00,2,1,3
2016-12-18 01:00:00,0,3,3
2016-12-18 02:00:00,0,1,1
2016-12-18 04:00:00,1,0,1
2016-12-18 05:00:00,0,1,1
2016-12-18 06:00:00,1,0,1
2016-12-18 07:00:00,1,2,3
2016-12-18 08:00:00,0,2,2
2016-12-18 09:00:00,6,6,12
2016-12-18 10:00:00,7,3,10
2016-12-18 11:00:00,5,7,12
2016-12-18 12:00:00,5,12,17
2016-12-18 13:00:00,8,17,25
2016-12-18 14:00:00,11,21,32
2016-12-18 15:00:00,13,28,41
2016-12-18 16:00:00,3,14,17
2016-12-18 17:00:00,7,15,22
2016-12-18 18:00:00,0,9,9
2016-12-18 19:00:00,0,9,9
2016-12-18 20:00:00,2,11,13
2016-12-18 21:00:00,4,2,6
2016-12-18 22:00:00,0,4,4
2016-12-18 23:00:00,0,2,2
2016-12-19 00:00:00,2,0,2
2016-12-19 01:00:00,0,2,2
2016-12-19 02:00:00,0,1,1
2016-12-19 04:00:00,0,1,1
2016-12-19 05:00:00,0,4,4
2016-12-19 06:00:00,0,8,8
2016-12-19 07:00:00,0,14,14
2016-12-19 08:00:00,3,26,29
2016-12-19 09:00:00,3,19,22
2016-12-19 10:00:00,6,9,15
2016-12-19 11:00:00,1,17,18
2016-12-19 12:00:00,14,16,30
2016-12-19 13:00:00,10,14,24
2016-12-19 14:00:00,8,13,21
2016-12-19 15:00:00,15,21,36
2016-12-19 16:00:00,10,22,32
2016-12-19 17:00:00,5,34,39
2016-12-19 18:00:00,3,25,28
2016-12-19 19:00:00,0,14,14
2016-12-19 20:00:00,9,10,19
2016-12-19 21:00:00,3,8,11
2016-12-19 22:00:00,8,4,12
2016-12-19 23:00:00,0,3,3
2016-12-20 00:00:00,3,1,4
2016-12-20 01:00:00,0,1,1
2016-12-20 02:00:00,6,2,8
2016-12-20 04:00:00,0,1,1
2016-12-20 05:00:00,0,1,1
2016-12-20 06:00:00,0,5,5
2016-12-20 07:00:00,0,10,10
2016-12-20 08:00:00,0,24,24
2016-12-20 09:00:00,3,13,16
2016-12-20 10:00:00,2,14,16
2016-12-20 11:00:00,11,18,29
2016-12-20 12:00:00,8,10,18
2016-12-20 13:00:00,7,19,26
2016-12-20 14:00:00,7,19,26
2016-12-20 15:00:00,7,18,25
2016-12-20 16:00:00,1,24,25
2016-12-20 17:00:00,5,34,39
2016-12-20 18:00:00,4,27,31
2016-12-20 19:00:00,4,21,25
2016-12-20 20:00:00,6,12,18
2016-12-20 21:00:00,4,11,15
2016-12-20 22:00:00,9,6,15
2016-12-20 23:00:00,0,2,2
2016-12-21 00:00:00,0,1,1
2016-12-21 01:00:00,2,1,3
2016-12-21 02:00:00,0,2,2
2016-12-21 05:00:00,0,1,1
2016-12-21 06:00:00,1,2,3
2016-12-21 07:00:00,0,21,21
2016-12-21 08:00:00,3,22,25
2016-12-21 09:00:00,4,20,24
2016-12-21 10:00:00,3,12,15
2016-12-21 11:00:00,8,14,22
2016-12-21 12:00:00,3,21,24
2016-12-21 13:00:00,2,10,12
2016-12-21 14:00:00,1,12,13
2016-12-21 15:00:00,0,7,7
2016-12-21 16:00:00,1,25,26
2016-12-21 17:00:00,4,33,37
2016-12-21 18:00:00,2,26,28
2016-12-21 19:00:00,0,10,10
2016-12-21 20:00:00,2,4,6
2016-12-21 22:00:00,0,1,1
2016-12-21 23:00:00,0,1,1
2016-12-22 01:00:00,0,1,1
2016-12-22 02:00:00,0,2,2
2016-12-22 05:00:00,0,1,1
2016-12-22 06:00:00,0,2,2
2016-12-22 07:00:00,0,7,7
2016-12-22 08:00:00,0,9,9
2016-12-22 09:00:00,0,3,3
2016-12-22 10:00:00,0,1,1
2016-12-22 11:00:00,2,4,6
2016-12-22 12:00:00,7,11,18
2016-12-22 13:00:00,9,19,28
2016-12-22 14:00:00,5,22,27
2016-12-22 15:00:00,7,18,25
2016-12-22 16:00:00,4,23,27
2016-12-22 17:00:00,3,32,35
2016-12-22 18:00:00,15,20,35
2016-12-22 19:00:00,0,13,13
2016-12-22 20:00:00,14,16,30
2016-12-22 21:00:00,10,14,24
2016-12-22 22:00:00,1,6,7
2016-12-22 23:00:00,4,4,8
2016-12-23 00:00:00,15,4,19
2016-12-23 01:00:00,3,4,7
2016-12-23 02:00:00,0,3,3
2016-12-23 03:00:00,0,2,2
2016-12-23 04:00:00,0,1,1
2016-12-23 06:00:00,0,1,1
2016-12-23 07:00:00,1,9,10
2016-12-23 08:00:00,1,6,7
2016-12-23 09:00:00,0,8,8
2016-12-23 10:00:00,1,6,7
2016-12-23 11:00:00,5,8,13
2016-12-23 12:00:00,4,17,21
2016-12-23 13:00:00,17,23,40
2016-12-23 14:00:00,11,16,27
2016-12-23 15:00:00,11,16,27
2016-12-23 16:00:00,4,19,23
2016-12-23 17:00:00,1,9,10
2016-12-23 18:00:00,0,9,9
2016-12-23 20:00:00,0,1,1
2016-12-23 21:00:00,0,2,2
2016-12-23 22:00:00,0,2,2
2016-12-24 00:00:00,1,0,1
2016-12-24 03:00:00,0,1,1
2016-12-24 07:00:00,0,1,1
2016-12-24 08:00:00,4,4,8
2016-12-24 09:00:00,2,7,9
2016-12-24 10:00:00,0,13,13
2016-12-24 11:00:00,7,10,17
2016-12-24 12:00:00,8,11,19
2016-12-24 13:00:00,3,21,24
2016-12-24 14:00:00,6,10,16
2016-12-24 15:00:00,0,9,9
2016-12-24 16:00:00,12,5,17
2016-12-24 17:00:00,2,6,8
2016-12-24 18:00:00,0,7,7
2016-12-24 19:00:00,2,4,6
2016-12-24 20:00:00,1,2,3
2016-12-24 21:00:00,1,0,1
2016-12-24 22:00:00,3,3,6
2016-12-24 23:00:00,0,1,1
2016-12-25 00:00:00,0,1,1
2016-12-25 01:00:00,4,3,7
2016-12-25 02:00:00,0,3,3
2016-12-25 03:00:00,0,1,1
2016-12-25 05:00:00,0,1,1
2016-12-25 08:00:00,2,2,4
2016-12-25 09:00:00,0,3,3
2016-12-25 10:00:00,2,2,4
2016-12-25 11:00:00,8,4,12
2016-12-25 12:00:00,10,2,12
2016-12-25 13:00:00,7,10,17
2016-12-25 14:00:00,8,1,9
2016-12-25 15:00:00,13,8,21
2016-12-25 16:00:00,6,4,10
2016-12-25 17:00:00,9,4,13
2016-12-25 18:00:00,10,1,11
2016-12-25 19:00:00,5,3,8
2016-12-25 20:00:00,0,1,1
2016-12-25 21:00:00,2,1,3
2016-12-25 22:00:00,6,0,6
2016-12-26 00:00:00,0,1,1
2016-12-26 01:00:00,0,1,1
2016-12-26 02:00:00,1,1,2
2016-12-26 04:00:00,1,1,2
2016-12-26 05:00:00,1,2,3
2016-12-26 07:00:00,0,1,1
2016-12-26 08:00:00,0,3,3
2016-12-26 09:00:00,0,4,4
2016-12-26 10:00:00,0,3,3
2016-12-26 11:00:00,0,6,6
2016-12-26 12:00:00,17,8,25
2016-12-26 13:00:00,12,5,17
2016-12-26 14:00:00,11,14,25
2016-12-26 15:00:00,11,11,22
2016-12-26 16:00:00,16,11,27
2016-12-26 17:00:00,9,11,20
2016-12-26 18:00:00,9,11,20
2016-12-26 19:00:00,12,10,22
2016-12-26 20:00:00,4,7,11
2016-12-26 21:00:00,4,4,8
2016-12-26 22:00:00,2,2,4
2016-12-26 23:00:00,1,2,3
2016-12-27 01:00:00,3,0,3
2016-12-27 04:00:00,0,1,1
2016-12-27 05:00:00,0,4,4
2016-12-27 06:00:00,0,1,1
2016-12-27 07:00:00,0,6,6
2016-12-27 08:00:00,0,21,21
2016-12-27 09:00:00,2,18,20
2016-12-27 10:00:00,5,11,16
2016-12-27 11:00:00,9,12,21
2016-12-27 12:00:00,9,17,26
2016-12-27 13:00:00,16,19,35
2016-12-27 14:00:00,11,19,30
2016-12-27 15:00:00,15,13,28
2016-12-27 16:00:00,7,20,27
2016-12-27 17:00:00,11,33,44
2016-12-27 18:00:00,4,19,23
2016-12-27 19:00:00,7,17,24
2016-12-27 20:00:00,4,12,16
2016-12-27 21:00:00,0,8,8
2016-12-27 22:00:00,5,5,10
2016-12-27 23:00:00,3,11,14
2016-12-28 00:00:00,0,3,3
2016-12-28 02:00:00,2,0,2
2016-12-28 04:00:00,0,1,1
2016-12-28 06:00:00,0,5,5
2016-12-28 07:00:00,0,18,18
2016-12-28 08:00:00,5,16,21
2016-12-28 09:00:00,6,21,27
2016-12-28 10:00:00,8,9,17
2016-12-28 11:00:00,11,14,25
2016-12-28 12:00:00,18,20,38
2016-12-28 13:00:00,9,23,32
2016-12-28 14:00:00,27,10,37
2016-12-28 15:00:00,8,9,17
2016-12-28 16:00:00,11,23,34
2016-12-28 17:00:00,6,26,32
2016-12-28 18:00:00,0,20,20
2016-12-28 19:00:00,11,15,26
2016-12-28 20:00:00,3,7,10
2016-12-28 21:00:00,3,6,9
2016-12-28 22:00:00,0,2,2
2016-12-28 23:00:00,5,3,8
2016-12-29 00:00:00,0,3,3
2016-12-29 01:00:00,0,2,2
2016-12-29 03:00:00,0,2,2
2016-12-29 04:00:00,0,2,2
2016-12-29 05:00:00,0,1,1
2016-12-29 06:00:00,0,4,4
2016-12-29 07:00:00,0,9,9
2016-12-29 08:00:00,1,19,20
2016-12-29 09:00:00,2,18,20
2016-12-29 10:00:00,1,14,15
2016-12-29 11:00:00,3,13,16
2016-12-29 12:00:00,18,34,52
2016-12-29 13:00:00,11,15,26
2016-12-29 14:00:00,12,14,26
2016-12-29 15:00:00,15,15,30
2016-12-29 16:00:00,9,18,27
2016-12-29 17:00:00,0,25,25
2016-12-29 18:00:00,5,20,25
2016-12-29 19:00:00,4,16,20
2016-12-29 20:00:00,4,6,10
2016-12-29 21:00:00,14,9,23
2016-12-29 22:00:00,3,4,7
2016-12-29 23:00:00,4,1,5
2016-12-30 00:00:00,3,0,3
2016-12-30 01:00:00,0,1,1
2016-12-30 02:00:00,0,2,2
2016-12-30 04:00:00,0,1,1
2016-12-30 06:00:00,0,1,1
2016-12-30 07:00:00,1,3,4
2016-12-30 08:00:00,1,1,2
2016-12-30 09:00:00,0,4,4
2016-12-30 10:00:00,2,3,5
2016-12-30 11:00:00,1,11,12
2016-12-30 12:00:00,7,12,19
2016-12-30 13:00:00,3,14,17
2016-12-30 14:00:00,8,15,23
2016-12-30 15:00:00,18,11,29
2016-12-30 16:00:00,16,23,39
2016-12-30 17:00:00,8,17,25
2016-12-30 18:00:00,9,7,16
2016-12-30 19:00:00,9,5,14
2016-12-30 20:00:00,1,5,6
2016-12-30 21:00:00,3,0,3
2016-12-30 22:00:00,3,1,4
2016-12-30 23:00:00,4,2,6
2016-12-31 00:00:00,3,2,5
2016-12-31 01:00:00,5,2,7
2016-12-31 02:00:00,8,0,8
2016-12-31 03:00:00,1,1,2
2016-12-31 06:00:00,0,2,2
2016-12-31 07:00:00,0,1,1
2016-12-31 08:00:00,0,5,5
2016-12-31 09:00:00,6,6,12
2016-12-31 10:00:00,5,7,12
2016-12-31 11:00:00,2,8,10
2016-12-31 12:00:00,8,11,19
2016-12-31 13:00:00,7,11,18
2016-12-31 14:00:00,2,1,3
2016-12-31 15:00:00,5,2,7
2016-12-31 16:00:00,0,4,4
2016-12-31 17:00:00,0,4,4
2016-12-31 18:00:00,0,4,4
2016-12-31 19:00:00,0,10,10
2016-12-31 20:00:00,3,4,7
2016-12-31 21:00:00,3,8,11
2016-12-31 22:00:00,6,3,9
2016-12-31 23:00:00,4,2,6
